xx\part\0 -1 0.24 -0.18 0.08 -0.16
xx\part\1 -1 -0.13 -0.27 -0.18 -0.05
xx\part\2 -1 -0.21 -0.07 0.10 -0.13
xx\part\3 -1 -0.37 0.11 0.18 0.32
xx\part\4 -1 0.11 0.31 0.15 -0.08
xx\part\5 -1 0.07 -0.00 1.07 0.16
xx\part\6 -1 -0.09 -0.05 -0.15 -0.21
xx\part\7 -1 -0.07 0.04 0.48 0.42
xx\part\8 -1 0.09 0.15 -0.04 -0.28
xx\part\9 -1 0.04 -0.07 -0.23 -0.14
xx\part\10 -1 -0.27 -0.14 0.11 -0.14
xx\part\11 -1 0.08 0.01 0.64 0.15
xx\part\12 -1 0.01 -0.02 0.75 0.24
xx\part\13 -1 -0.09 -0.20 -0.17 -0.16
xx\part\14 -1 0.33 0.01 -0.07 -0.21
xx\part\15 -1 0.12 0.03 -0.26 -0.12
xx\part\16 -1 -0.06 0.01 0.18 0.72
xx\part\17 -1 0.03 -0.42 0.24 0.10
xx\part\18 -1 0.05 -0.32 0.20 0.05
xx\part\19 -1 -0.19 -0.43 -0.15 0.28
xx\part\20 -1 -0.03 0.05 -0.03 0.69
xx\part\21 -1 -0.04 0.05 0.10 0.91
xx\part\22 -1 -0.04 -0.08 0.20 0.95
xx\part\23 -1 0.05 0.05 0.05 0.69
xx\part\24 -1 0.25 0.04 -0.21 -0.13
xx\part\25 -1 0.00 0.01 0.22 0.88
xx\part\26 -1 -0.23 -0.33 -0.06 0.15
xx\part\27 -1 0.17 0.24 -0.19 0.12
xx\part\28 -1 0.13 -0.01 0.32 0.64
xx\part\29 -1 0.22 -0.12 -0.08 -0.08
xx\part\30 -1 0.31 -0.19 -0.10 0.00
xx\part\31 -1 0.10 -0.22 0.09 0.75
xx\part\32 -1 0.00 0.06 -0.27 0.52
xx\part\33 -1 0.00 0.02 -0.27 0.48
xx\part\34 -1 0.13 0.07 -0.05 0.71
xx\part\35 -1 0.14 -0.50 -0.10 0.09
xx\part\36 -1 0.15 0.03 0.00 0.81
xx\part\37 -1 0.01 0.03 -0.15 0.81
xx\part\38 -1 -0.18 -0.53 -0.11 0.01
xx\part\39 -1 0.25 -0.11 -0.09 -0.19
xx\part\40 -1 -0.21 -0.48 -0.13 0.34
xx\part\41 -1 -0.06 0.06 0.03 0.88
xx\part\42 -1 0.16 0.06 0.17 0.74
xx\part\43 -1 0.16 -0.01 0.17 0.67
xx\part\44 -1 0.02 0.06 0.15 0.95
xx\part\45 -1 0.14 -0.05 -0.17 0.06
xx\part\46 -1 0.12 -0.05 0.26 0.79
xx\part\47 -1 0.31 0.08 -0.14 -0.07
xx\part\48 -1 0.11 0.20 0.03 0.65
xx\part\49 -1 -0.04 -0.09 0.04 0.59
xx\part\50 -1 0.07 0.21 0.04 0.71
xx\part\51 -1 0.08 0.16 0.33 0.52
xx\part\52 -1 0.17 -0.02 -0.30 -0.14
xx\part\53 -1 0.09 0.07 0.12 0.77
xx\part\54 -1 0.20 -0.05 0.19 0.59
xx\part\55 -1 0.12 0.03 0.03 0.55
xx\part\56 -1 -0.06 -0.09 0.00 0.68
xx\part\57 -1 0.14 -0.03 -0.18 -0.23
xx\part\58 -1 0.22 -0.03 -0.07 -0.13
xx\part\59 -1 0.17 0.00 -0.19 -0.19
xx\part\60 -1 0.22 -0.12 0.12 -0.19
xx\part\61 -1 0.27 -0.08 0.03 -0.07
xx\part\62 -1 -0.04 -0.45 0.13 0.00
xx\part\63 -1 0.22 -0.04 -0.13 -0.23
xx\part\64 -1 -0.14 -0.19 -0.09 0.22
xx\part\65 -1 0.20 -0.12 -0.13 -0.19
xx\part\66 -1 0.14 -0.09 0.32 0.63
xx\part\67 -1 0.23 -0.32 0.14 0.23
xx\part\68 -1 -0.04 0.10 -0.19 0.23
xx\part\69 -1 0.23 -0.04 -0.19 -0.01
xx\part\70 -1 0.16 -0.17 0.35 0.41
xx\part\71 -1 0.16 0.10 -0.07 0.42
xx\part\72 -1 -0.01 -0.00 -0.21 0.36
xx\part\73 -1 0.21 0.16 0.12 0.21
xx\part\74 -1 0.29 -0.00 -0.05 -0.05
xx\part\75 -1 -0.06 0.18 0.07 0.80
xx\part\76 -1 -0.06 -0.05 0.16 0.70
xx\part\77 -1 0.13 0.03 0.26 0.65
xx\part\78 -1 0.06 0.14 0.18 0.76
xx\part\79 -1 0.02 -0.01 -0.30 -0.13
xx\part\80 -1 0.12 -0.06 -0.11 -0.14
xx\part\81 -1 -0.03 0.03 -0.23 0.23
xx\part\82 -1 -0.01 -0.04 0.34 0.50
xx\part\83 -1 0.15 -0.12 -0.12 -0.18
xx\part\84 -1 -0.18 -0.45 0.01 0.57
xx\part\85 -1 0.11 0.20 -0.06 0.60
xx\part\86 -1 -0.08 -0.05 0.01 0.79
xx\part\87 -1 0.24 0.16 -0.14 -0.04
xx\part\88 -1 0.29 0.07 -0.09 -0.04
xx\part\89 -1 0.07 0.21 -0.18 0.20
xx\part\90 -1 0.01 -0.05 0.27 0.71
xx\part\91 -1 0.08 0.14 0.11 0.34
xx\part\92 -1 0.02 -0.14 0.12 0.27
xx\part\93 -1 -0.07 -0.24 -0.20 -0.05
xx\part\94 -1 0.13 0.12 -0.13 0.04
xx\part\95 -1 0.08 0.09 0.04 0.48
xx\part\96 -1 0.08 0.14 0.12 0.63
xx\part\97 -1 0.00 0.15 0.08 0.62
xx\part\98 -1 -0.04 0.05 0.27 0.84
xx\part\99 -1 -0.08 0.09 0.18 0.80
xx\part\100 -1 -0.04 0.09 0.17 0.73
xx\part\101 -1 -0.14 -0.33 -0.01 0.32
xx\part\102 -1 -0.02 0.21 -0.01 0.68
xx\part\103 -1 -0.05 0.10 -0.01 0.63
xx\part\104 -1 0.06 0.07 0.19 0.72
xx\part\105 -1 0.10 0.09 0.23 0.55
xx\part\106 -1 0.10 0.13 0.27 0.64
xx\part\107 -1 0.15 -0.03 0.29 0.62
xx\part\108 -1 0.06 0.25 -0.22 0.09
xx\part\109 -1 -0.27 0.11 -0.00 0.18
xx\part\110 -1 0.03 0.11 0.38 0.26
xx\part\111 -1 0.24 0.14 -0.05 0.01
xx\part\112 -1 -0.01 0.16 0.16 0.60
xx\part\113 -1 0.16 0.03 0.33 0.46
xx\part\114 -1 0.02 0.08 -0.07 0.45
xx\part\115 -1 -0.15 -0.03 0.04 0.77
xx\part\116 -1 -0.10 0.10 -0.01 0.75
xx\part\117 -1 0.11 0.05 0.16 0.64
xx\part\118 -1 0.00 0.14 0.36 0.65
xx\part\119 -1 0.12 -0.23 0.11 0.71
xx\part\120 -1 0.18 -0.01 0.02 0.64
xx\part\121 -1 0.09 0.16 -0.12 0.70
xx\part\122 -1 0.30 -0.16 -0.06 -0.06
xx\part\123 -1 0.14 0.24 -0.30 0.09
xx\part\124 -1 0.04 -0.01 0.08 0.61
xx\part\125 -1 0.08 -0.01 0.15 0.67
xx\part\126 -1 0.19 0.19 -0.08 0.16
xx\part\127 -1 -0.10 0.12 -0.12 0.15
xx\part\128 -1 0.14 -0.04 0.54 0.43
xx\part\129 -1 0.24 -0.06 -0.05 -0.21
xx\part\130 -1 0.04 -0.11 -0.26 -0.19
xx\part\131 -1 0.02 0.06 -0.23 -0.11
xx\part\132 -1 0.12 -0.10 0.12 0.17
xx\part\133 -1 0.29 0.06 -0.15 -0.04
xx\part\134 -1 0.13 0.08 0.17 0.73
xx\part\135 -1 -0.08 0.04 0.01 0.76
xx\part\136 -1 0.18 0.17 0.08 0.59
xx\part\137 -1 0.12 0.04 0.12 0.62
xx\part\138 -1 -0.21 -0.27 0.02 0.16
xx\part\139 -1 0.26 -0.08 -0.02 -0.16
xx\part\140 -1 -0.02 -0.02 0.21 0.37
xx\part\141 -1 0.13 -0.01 -0.23 -0.21
xx\part\142 -1 0.15 0.12 -0.14 0.17
xx\part\143 -1 0.12 0.08 -0.31 -0.08
xx\part\144 -1 -0.04 -0.12 0.12 0.58
xx\part\145 -1 -0.01 -0.09 0.23 0.88
xx\part\146 -1 -0.01 0.04 0.08 0.77
xx\part\147 -1 0.24 -0.03 0.17 0.45
xx\part\148 -1 -0.10 -0.09 0.08 0.80
xx\part\149 -1 -0.08 -0.00 0.13 0.72
xx\part\150 -1 -0.01 0.07 0.25 0.85
xx\part\151 -1 0.06 0.03 0.27 0.75
xx\part\152 -1 0.23 0.18 -0.25 0.02
xx\part\153 -1 -0.01 -0.01 -0.01 0.60
xx\part\154 -1 -0.20 -0.02 -0.01 0.91
xx\part\155 -1 -0.14 0.07 -0.05 0.83
xx\part\156 -1 -0.18 -0.41 -0.11 0.19
xx\part\157 -1 0.09 0.24 0.04 0.67
xx\part\158 -1 0.16 0.03 0.16 0.51
xx\part\159 -1 0.02 0.21 -0.03 0.63
xx\part\160 -1 0.12 0.23 0.04 0.61
xx\part\161 -1 0.25 0.09 -0.20 0.00
xx\part\162 -1 -0.05 0.14 -0.17 0.60
xx\part\163 -1 -0.01 0.13 0.06 0.92
xx\part\164 -1 -0.01 0.17 0.06 0.96
xx\part\165 -1 -0.17 -0.22 0.07 0.85
xx\part\166 -1 -0.05 -0.01 -0.14 0.51
xx\part\167 -1 0.14 0.07 -0.29 -0.08
xx\part\168 -1 -0.05 0.08 -0.04 0.60
xx\part\169 -1 0.02 -0.03 0.12 0.61
xx\part\170 -1 -0.14 -0.22 -0.13 0.07
xx\part\171 -1 0.26 -0.01 -0.21 -0.19
xx\part\172 -1 0.11 -0.06 0.15 0.55
xx\part\173 -1 0.07 0.02 0.07 0.56
xx\part\174 -1 0.23 0.05 0.13 0.44
xx\part\175 -1 -0.01 0.19 -0.11 0.57
xx\part\176 -1 0.23 0.10 -0.11 0.18
xx\part\177 -1 0.18 0.08 0.03 0.19
xx\part\178 -1 0.16 0.11 -0.02 0.24
xx\part\179 -1 -0.13 -0.15 -0.12 0.22
xx\part\180 -1 0.08 -0.40 0.07 -0.08
xx\part\181 -1 0.03 -0.40 0.20 0.20
xx\part\182 -1 0.30 0.00 -0.10 -0.13
xx\part\183 -1 0.15 0.00 0.33 0.55
xx\part\184 -1 0.15 0.07 0.22 0.17
xx\part\185 -1 0.26 0.23 -0.04 0.03
xx\part\186 -1 0.23 -0.04 0.07 -0.12
xx\part\187 -1 0.11 0.00 0.27 0.30
xx\part\188 -1 -0.01 -0.20 0.20 0.33
xx\part\189 -1 -0.04 0.03 0.15 0.57
xx\part\190 -1 0.23 -0.13 -0.04 -0.17
xx\part\191 -1 -0.04 0.20 0.12 0.73
xx\part\192 -1 0.00 0.22 0.08 0.64
xx\part\193 -1 -0.01 0.21 -0.25 0.12
xx\part\194 -1 -0.01 -0.06 0.44 0.70
xx\part\195 -1 0.06 -0.02 0.40 0.62
xx\part\196 -1 0.16 -0.05 0.36 0.51
xx\part\197 -1 -0.05 -0.02 0.21 0.70
xx\part\198 -1 0.07 -0.54 0.23 0.31
xx\part\199 -1 -0.10 0.09 0.03 0.38
xx\part\200 -1 0.14 0.14 -0.17 -0.06
xx\part\201 -1 -0.10 -0.21 -0.15 -0.19
xx\part\202 -1 0.23 -0.03 0.15 -0.08
xx\part\203 -1 -0.19 -0.18 -0.08 0.10
xx\part\204 -1 -0.09 0.02 -0.15 -0.17
xx\part\205 -1 -0.21 0.17 -0.08 -0.04
xx\part\206 -1 -0.00 0.04 0.70 0.25
xx\part\207 -1 -0.07 0.03 0.66 0.40
xx\part\208 -1 0.00 0.03 0.48 0.37
xx\part\209 -1 0.03 -0.38 0.29 -0.01
xx\part\210 -1 -0.00 -0.07 -0.24 -0.17
xx\part\211 -1 0.27 0.22 -0.14 0.13
xx\part\212 -1 -0.04 0.19 0.03 0.84
xx\part\213 -1 0.00 -0.01 0.21 0.86
xx\part\214 -1 0.17 0.20 0.09 0.62
xx\part\215 -1 -0.04 -0.01 0.03 0.64
xx\part\216 -1 0.08 0.03 0.10 0.62
xx\part\217 -1 0.07 0.17 -0.19 0.13
xx\part\218 -1 0.11 0.16 -0.06 0.29
xx\part\219 -1 -0.23 -0.29 -0.14 0.01
xx\part\220 -1 0.16 0.16 -0.10 -0.01
xx\part\221 -1 -0.01 -0.00 -0.27 -0.13
xx\part\222 -1 0.19 -0.31 0.15 -0.10
xx\part\223 -1 0.17 0.22 -0.22 0.07
xx\part\224 -1 0.00 -0.02 0.10 0.49
xx\part\225 -1 0.04 -0.11 0.27 0.60
xx\part\226 -1 0.00 0.09 0.14 0.67
xx\part\227 -1 0.00 -0.02 0.14 0.55
xx\part\228 -1 0.04 -0.01 0.34 0.72
xx\part\229 -1 0.28 0.03 -0.04 -0.18
xx\part\230 -1 -0.03 -0.39 0.11 0.04
xx\part\231 -1 0.15 0.08 0.32 0.56
xx\part\232 -1 0.12 -0.02 0.33 0.50
xx\part\233 -1 0.25 0.03 0.02 0.20
xx\part\234 -1 0.17 -0.24 0.25 0.35
xx\part\235 -1 0.19 0.10 -0.23 -0.08
xx\part\236 -1 0.24 0.09 -0.04 0.13
xx\part\237 -1 -0.05 0.20 -0.19 0.18
xx\part\238 -1 0.21 0.14 -0.10 -0.02
xx\part\239 -1 -0.22 -0.36 -0.13 -0.02
xx\part\240 -1 0.18 0.16 0.02 0.13
xx\part\241 -1 -0.02 -0.17 -0.15 -0.17
xx\part\242 -1 0.06 0.25 -0.09 0.12
xx\part\243 -1 0.17 -0.01 0.51 0.42
xx\part\244 -1 0.27 0.21 -0.09 0.07
xx\part\245 -1 0.31 0.15 -0.10 0.03
xx\part\246 -1 0.03 0.11 0.13 0.75
xx\part\247 -1 0.14 0.05 -0.18 0.11
xx\part\248 -1 0.18 0.18 0.01 0.24
xx\part\249 -1 0.08 0.11 -0.27 -0.02
xx\part\250 -1 0.11 0.07 -0.20 -0.02
xx\part\251 -1 0.13 0.05 0.37 0.46
xx\part\252 -1 0.25 0.19 -0.14 0.01
xx\part\253 -1 0.22 -0.12 0.07 -0.10
xx\part\254 -1 0.18 -0.24 0.17 -0.13
xx\part\255 -1 0.21 0.22 -0.06 0.06
xx\part\256 -1 0.17 -0.01 0.39 0.38
xx\part\257 -1 -0.05 -0.05 0.37 0.56
xx\part\258 -1 0.24 0.18 -0.23 0.05
xx\part\259 -1 -0.01 0.21 -0.09 0.74
xx\part\260 -1 0.22 -0.02 -0.28 -0.19
xx\part\261 -1 0.07 -0.03 -0.06 0.42
xx\part\262 -1 0.17 0.05 0.18 0.74
xx\part\263 -1 -0.18 -0.04 -0.08 0.81
xx\part\264 -1 -0.13 -0.49 -0.00 0.04
xx\part\265 -1 0.10 0.05 -0.24 -0.11
xx\part\266 -1 0.07 0.15 -0.18 0.27
xx\part\267 -1 -0.18 0.06 0.00 0.51
xx\part\268 -1 0.23 0.02 -0.18 -0.08
xx\part\269 -1 0.00 0.03 0.02 0.60
xx\part\270 -1 -0.04 -0.05 0.15 0.79
xx\part\271 -1 -0.04 0.18 0.02 0.82
xx\part\272 -1 -0.09 0.12 -0.04 0.26
xx\part\273 -1 0.14 0.21 0.02 0.15
xx\part\274 -1 0.07 0.01 0.37 0.40
xx\part\275 -1 -0.16 -0.20 -0.05 0.10
xx\part\276 -1 0.00 0.11 0.19 0.51
xx\part\277 -1 0.00 0.07 0.15 0.42
xx\part\278 -1 -0.02 0.01 0.21 0.56
xx\part\279 -1 0.30 0.18 -0.08 -0.03
xx\part\280 -1 0.25 0.00 0.35 0.40
xx\part\281 -1 0.27 -0.05 -0.05 -0.20
xx\part\282 -1 0.04 0.01 0.35 0.65
xx\part\283 -1 0.11 0.24 -0.30 0.06
xx\part\284 -1 0.19 -0.01 -0.15 -0.17
xx\part\285 -1 0.24 0.22 0.00 0.18
xx\part\286 -1 0.21 0.15 0.06 0.31
xx\part\287 -1 -0.04 0.02 0.12 0.60
xx\part\288 -1 0.10 -0.02 0.22 0.51
xx\part\289 -1 0.18 0.00 -0.20 -0.10
xx\part\290 -1 0.00 -0.13 0.30 0.78
xx\part\291 -1 0.14 0.03 0.17 0.55
xx\part\292 -1 -0.05 -0.17 -0.18 -0.07
xx\part\293 -1 0.15 -0.01 0.34 0.49
xx\part\294 -1 -0.04 -0.06 0.25 0.57
xx\part\295 -1 0.11 0.02 0.21 0.42
xx\part\296 -1 0.01 -0.01 0.38 0.76
xx\part\297 -1 0.04 0.03 0.43 0.48
xx\part\298 -1 0.03 0.17 0.33 0.52
xx\part\299 -1 0.01 -0.27 0.05 0.30
xx\part\300 -1 -0.03 0.04 0.17 0.84
xx\part\301 -1 0.01 -0.05 0.31 0.91
xx\part\302 -1 0.02 -0.51 0.21 0.08
xx\part\303 -1 0.01 0.08 0.04 0.45
xx\part\304 -1 0.16 -0.03 0.27 0.45
xx\part\305 -1 0.14 -0.10 -0.14 -0.11
xx\part\306 -1 0.13 0.07 0.14 0.47
xx\part\307 -1 0.18 0.04 0.26 0.54
xx\part\308 -1 0.10 0.11 0.15 0.56
xx\part\309 -1 0.24 -0.08 -0.01 -0.11
xx\part\310 -1 -0.03 -0.05 0.32 0.71
xx\part\311 -1 0.16 -0.05 0.36 0.51
xx\part\312 -1 0.16 0.07 0.31 0.56
xx\part\313 -1 0.08 0.12 0.24 0.60
xx\part\314 -1 -0.03 0.09 0.18 0.63
xx\part\315 -1 0.01 0.06 0.36 0.78
xx\part\316 -1 0.23 -0.07 0.01 -0.13
xx\part\317 -1 0.04 -0.08 0.43 0.61
xx\part\318 -1 -0.00 -0.03 0.19 0.41
xx\part\319 -1 0.25 -0.01 0.36 0.40
xx\part\320 -1 0.16 0.27 -0.15 0.05
xx\part\321 -1 0.05 -0.06 0.42 0.50
xx\part\322 -1 0.17 0.12 -0.02 0.17
xx\part\323 -1 0.04 0.04 0.21 0.56
xx\part\324 -1 0.19 -0.17 0.21 -0.08
xx\part\325 -1 0.16 0.07 -0.19 -0.03
xx\part\326 -1 0.05 -0.28 0.25 0.20
xx\part\327 -1 -0.02 0.06 0.22 0.60
xx\part\328 -1 -0.10 0.09 -0.17 0.29
xx\part\329 -1 0.14 -0.08 0.19 0.26
xx\part\330 -1 0.15 0.05 0.32 0.55
xx\part\331 -1 0.09 -0.11 0.40 0.57
xx\part\332 -1 0.12 0.02 0.38 0.63
xx\part\333 -1 0.00 -0.18 0.25 0.40
xx\part\334 -1 -0.20 0.07 -0.07 0.51
xx\part\335 -1 0.24 -0.10 0.08 -0.08
xx\part\336 -1 0.12 -0.08 0.14 0.24
xx\part\337 -1 0.12 0.15 -0.24 -0.05
xx\part\338 -1 0.22 -0.25 0.03 0.25
xx\part\339 -1 0.11 -0.07 0.06 0.28
xx\part\340 -1 0.14 -0.36 0.03 -0.08
xx\part\341 -1 -0.30 -0.21 -0.12 0.18
xx\part\342 -1 0.00 -0.07 -0.22 -0.22
xx\part\343 -1 0.27 -0.04 0.04 -0.15
xx\part\344 -1 0.14 0.01 -0.19 -0.19
xx\part\345 -1 -0.28 -0.54 -0.14 0.16
xx\part\346 -1 0.05 0.20 -0.17 0.12
xx\part\347 -1 -0.28 -0.03 -0.03 0.47
xx\part\348 -1 -0.09 -0.48 0.07 0.07
xx\part\349 -1 0.00 0.04 -0.49 0.10
xx\part\350 -1 0.00 0.07 -0.10 0.95
xx\part\351 -1 0.00 -0.00 -0.02 1.03
xx\part\352 -1 0.00 -0.00 -0.06 0.94
xx\part\353 -1 0.00 0.03 -0.16 0.77
xx\part\354 -1 0.28 -0.02 -0.08 -0.17
xx\part\355 -1 0.03 -0.11 0.03 0.62
xx\part\356 -1 -0.11 -0.16 -0.09 0.19
xx\part\357 -1 0.12 0.16 -0.16 0.23
xx\part\358 -1 -0.01 0.10 0.18 0.86
xx\part\359 -1 0.08 -0.21 0.16 0.09
xx\part\360 -1 0.20 -0.05 0.40 0.40
xx\part\361 -1 -0.06 0.03 -0.08 0.55
xx\part\362 -1 0.11 -0.19 -0.10 -0.06
xx\part\363 -1 0.27 -0.05 -0.11 -0.20
xx\part\364 -1 -0.02 -0.16 0.27 0.64
xx\part\365 -1 -0.02 -0.06 0.08 0.46
xx\part\366 -1 -0.02 0.13 0.04 0.59
xx\part\367 -1 0.26 0.04 -0.16 -0.16
xx\part\368 -1 0.20 0.21 -0.06 0.17
xx\part\369 -1 0.03 0.01 0.37 0.75
xx\part\370 -1 0.16 0.12 0.04 0.21
xx\part\371 -1 0.18 -0.23 0.21 0.11
xx\part\372 -1 0.30 -0.09 -0.19 -0.19
xx\part\373 -1 -0.07 -0.52 0.14 0.31
xx\part\374 -1 0.14 0.17 -0.16 0.06
xx\part\375 -1 0.11 0.21 -0.14 0.13
xx\part\376 -1 0.00 0.19 -0.16 0.16
xx\part\377 -1 0.25 0.08 -0.08 -0.01
xx\part\378 -1 0.06 0.16 -0.05 0.23
xx\part\379 -1 -0.01 -0.14 -0.24 -0.09
xx\part\380 -1 -0.04 -0.47 0.07 0.18
xx\part\381 -1 0.01 -0.26 0.15 0.31
xx\part\382 -1 0.20 0.06 -0.16 -0.10
xx\part\383 -1 -0.10 -0.13 -0.14 0.33
xx\part\384 -1 0.13 -0.38 0.28 0.07
xx\part\385 -1 0.13 -0.03 0.37 0.63
xx\part\386 -1 0.14 -0.08 0.13 0.24
xx\part\387 -1 -0.03 0.16 -0.25 0.11
xx\part\388 -1 0.12 -0.41 -0.07 -0.02
xx\part\389 -1 0.19 -0.06 0.24 0.59
xx\part\390 -1 -0.11 0.12 0.04 0.92
xx\part\391 -1 0.13 0.19 -0.00 0.56
xx\part\392 -1 -0.07 -0.07 0.19 0.91
xx\part\393 -1 0.24 0.02 0.14 0.43
xx\part\394 -1 -0.07 -0.02 0.19 0.96
xx\part\395 -1 0.22 0.01 0.16 0.28
xx\part\396 -1 0.12 -0.03 0.33 0.60
xx\part\397 -1 0.20 0.17 -0.07 0.06
xx\part\398 -1 0.18 0.06 0.36 0.50
xx\part\399 -1 0.08 -0.01 0.40 0.59
xx\part\400 -1 0.27 -0.06 -0.02 -0.13
xx\part\401 -1 -0.25 -0.24 -0.02 0.46
xx\part\402 -1 0.15 0.02 -0.23 -0.19
xx\part\403 -1 0.08 0.01 0.26 0.31
xx\part\404 -1 0.09 0.11 0.39 0.55
xx\part\405 -1 0.23 0.21 -0.03 0.02
xx\part\406 -1 -0.00 0.02 -0.24 -0.17
xx\part\407 -1 0.12 -0.03 0.28 0.28
xx\part\408 -1 0.12 0.23 -0.08 0.05
xx\part\409 -1 -0.06 0.20 -0.15 0.13
xx\part\410 -1 0.10 -0.05 0.18 0.17
xx\part\411 -1 0.28 -0.03 -0.08 -0.11
xx\part\412 -1 0.19 0.13 0.13 0.31
xx\part\413 -1 0.12 -0.04 0.10 0.23
xx\part\414 -1 0.14 0.21 -0.18 0.11
xx\part\415 -1 0.22 -0.01 0.30 0.42
xx\part\416 -1 0.07 0.10 -0.30 -0.02
xx\part\417 -1 0.04 0.13 0.21 0.65
xx\part\418 -1 0.18 0.09 -0.09 -0.07
xx\part\419 -1 -0.20 -0.08 -0.08 0.52
xx\part\420 -1 0.15 0.00 0.19 0.48
xx\part\421 -1 0.11 0.04 0.11 0.46
xx\part\422 -1 0.11 0.04 0.11 0.46
xx\part\423 -1 0.13 0.08 -0.28 0.07
xx\part\424 -1 -0.15 -0.08 -0.01 0.41
xx\part\425 -1 0.01 0.15 -0.26 0.12
xx\part\426 -1 0.01 -0.05 -0.36 0.09
xx\part\427 -1 0.00 -0.32 -0.32 0.07
xx\part\428 -1 -0.08 -0.04 -0.35 0.46
xx\part\429 -1 0.00 0.19 -0.30 0.63
xx\part\430 -1 -0.07 -0.48 0.03 0.03
xx\part\431 -1 0.29 0.22 -0.03 0.09
xx\part\432 -1 0.15 -0.23 0.09 -0.11
xx\part\433 -1 0.30 -0.09 -0.10 -0.24
xx\part\434 -1 -0.01 0.16 -0.22 -0.10
xx\part\435 -1 0.25 0.00 0.06 -0.25
xx\part\436 -1 0.07 -0.20 0.45 -0.17
xx\part\437 -1 0.14 -0.29 0.14 -0.02
xx\part\438 -1 0.17 0.08 -0.03 -0.15
xx\part\439 -1 0.20 0.09 0.09 -0.07
xx\part\440 -1 0.04 0.00 0.50 0.39
xx\part\441 -1 -0.15 -0.30 0.06 -0.03
xx\part\442 -1 0.07 -0.04 0.37 0.41
xx\part\443 -1 0.00 0.00 0.25 0.39
xx\part\444 -1 0.20 0.22 0.10 -0.06
xx\part\445 -1 0.14 -0.17 0.29 0.23
xx\part\446 -1 0.08 -0.10 -0.10 -0.23
xx\part\447 -1 0.29 0.14 -0.13 -0.05
xx\part\448 -1 -0.08 -0.08 0.50 0.35
xx\part\449 -1 0.05 -0.14 -0.14 -0.21
xx\part\450 -1 -0.08 -0.08 0.23 0.42
xx\part\451 -1 -0.08 0.08 0.32 0.64
xx\part\452 -1 0.07 0.02 0.43 0.43
xx\part\453 -1 0.11 0.21 -0.00 0.14
xx\part\454 -1 0.23 0.06 -0.04 -0.08
xx\part\455 -1 0.08 -0.19 0.32 0.09
xx\part\456 -1 -0.08 -0.23 -0.21 -0.07
xx\part\457 -1 0.25 0.19 -0.19 -0.00
xx\part\458 -1 0.03 -0.07 -0.17 -0.20
xx\part\459 -1 0.20 0.17 0.01 0.14
xx\part\460 -1 -0.03 -0.01 0.11 0.71
xx\part\461 -1 -0.13 -0.05 0.18 0.91
xx\part\462 -1 0.01 0.04 0.21 0.83
xx\part\463 -1 0.06 -0.21 -0.22 -0.05
xx\part\464 -1 0.06 -0.35 0.23 0.12
xx\part\465 -1 0.15 0.02 -0.30 0.16
xx\part\466 -1 0.32 0.19 -0.11 0.11
xx\part\467 -1 0.18 -0.11 0.12 -0.05
xx\part\468 -1 -0.05 -0.39 -0.05 -0.08
xx\part\469 -1 0.10 0.05 -0.23 0.12
xx\part\470 -1 0.18 -0.25 0.14 0.63
xx\part\471 -1 0.26 0.21 -0.09 0.13
xx\part\472 -1 0.23 0.21 -0.07 0.15
xx\part\473 -1 -0.07 -0.24 -0.02 0.20
xx\part\474 -1 0.17 0.03 -0.20 -0.17
xx\part\475 -1 -0.20 0.02 -0.12 0.27
xx\part\476 -1 -0.21 -0.11 -0.13 0.14
xx\part\477 -1 -0.00 0.14 -0.19 0.18
xx\part\478 -1 0.16 0.01 -0.21 -0.20
xx\part\479 -1 0.05 -0.31 -0.04 -0.13
xx\part\480 -1 0.08 0.17 -0.30 -0.04
xx\part\481 -1 0.06 0.09 0.30 0.67
xx\part\482 -1 0.24 0.15 0.06 0.08
xx\part\483 -1 0.27 -0.04 -0.07 -0.07
xx\part\484 -1 -0.04 -0.18 -0.20 -0.11
xx\part\485 -1 0.25 -0.14 0.06 -0.12
xx\part\486 -1 -0.10 -0.27 0.13 0.16
xx\part\487 -1 -0.12 -0.12 0.37 0.61
xx\part\488 -1 0.01 0.01 0.43 0.66
xx\part\489 -1 0.21 0.05 0.13 0.16
xx\part\490 -1 -0.05 -0.02 0.30 0.81
xx\part\491 -1 0.00 0.14 0.48 0.41
xx\part\492 -1 0.04 0.00 0.69 0.42
xx\part\493 -1 0.19 -0.00 -0.31 0.02
xx\part\494 -1 -0.07 0.05 -0.09 0.59
xx\part\495 -1 -0.03 -0.02 -0.03 0.58
xx\part\496 -1 0.00 0.26 -0.02 0.80
xx\part\497 -1 0.25 0.24 -0.21 0.04
xx\part\498 -1 0.01 0.06 0.07 0.63
xx\part\499 -1 0.25 0.09 0.24 0.55
xx\part\500 -1 0.01 -0.16 -0.44 -0.05
xx\part\501 -1 0.02 0.08 -0.16 0.75
xx\part\502 -1 0.02 -0.17 0.12 1.05
xx\part\503 -1 -0.02 -0.11 -0.06 0.84
xx\part\504 -1 0.17 -0.33 0.17 0.10
xx\part\505 -1 0.16 -0.38 0.03 0.03
xx\part\506 -1 0.29 0.00 -0.21 -0.20
xx\part\507 -1 0.15 -0.74 0.24 0.09
xx\part\508 -1 0.30 -0.03 -0.08 -0.17
xx\part\509 -1 0.20 -0.06 -0.14 0.21
xx\part\510 -1 0.16 0.10 0.17 0.36
xx\part\511 -1 0.15 -0.00 -0.24 -0.18
xx\part\512 -1 0.13 0.08 0.11 0.19
xx\part\513 -1 0.21 -0.25 0.13 -0.14
xx\part\514 -1 0.13 -0.05 0.20 0.18
xx\part\515 -1 -0.31 -0.27 -0.10 0.14
xx\part\516 -1 -0.06 -0.23 0.01 0.33
xx\part\517 -1 -0.06 0.18 0.05 0.81
xx\part\518 -1 0.10 0.03 0.30 0.79
xx\part\519 -1 0.01 0.10 0.01 0.55
xx\part\520 -1 0.11 0.13 -0.14 0.25
xx\part\521 -1 0.07 -0.01 0.11 0.53
xx\part\522 -1 0.17 0.06 0.14 0.50
xx\part\523 -1 0.22 -0.05 0.27 0.50
xx\part\524 -1 0.13 -0.02 -0.14 -0.11
xx\part\525 -1 -0.22 -0.15 -0.01 0.28
xx\part\526 -1 0.07 -0.52 -0.22 0.17
xx\part\527 -1 0.21 -0.00 -0.13 0.56
xx\part\528 -1 -0.07 -0.21 -0.14 1.01
xx\part\529 -1 0.08 -0.10 -0.08 0.91
xx\part\530 -1 -0.02 -0.00 -0.24 0.83
xx\part\531 -1 0.08 -0.15 -0.03 0.96
xx\part\532 -1 0.23 0.05 -0.11 -0.05
xx\part\533 -1 -0.03 0.01 0.04 0.47
xx\part\534 -1 0.14 -0.07 0.34 0.57
xx\part\535 -1 0.01 -0.08 0.27 0.64
xx\part\536 -1 0.01 0.05 0.12 0.57
xx\part\537 -1 0.03 0.15 0.25 0.28
xx\part\538 -1 0.02 -0.20 -0.17 -0.13
xx\part\539 -1 0.09 -0.22 -0.28 0.03
xx\part\540 -1 0.19 -0.04 -0.20 0.23
xx\part\541 -1 0.08 -0.16 0.07 0.92
xx\part\542 -1 0.16 0.12 -0.08 0.70
xx\part\543 -1 -0.05 -0.10 -0.10 0.88
xx\part\544 -1 -0.20 0.11 -0.14 0.12
xx\part\545 -1 -0.07 -0.06 0.56 0.49
xx\part\546 -1 0.11 0.11 -0.32 0.01
xx\part\547 -1 0.19 -0.03 0.15 0.48
xx\part\548 -1 -0.13 0.08 -0.16 -0.08
xx\part\549 -1 0.08 0.00 -0.27 -0.19
xx\part\550 -1 0.03 0.00 0.18 0.43
xx\part\551 -1 -0.04 -0.04 0.24 0.56
xx\part\552 -1 0.01 0.18 -0.23 0.22
xx\part\553 -1 0.20 -0.14 -0.06 0.09
xx\part\554 -1 0.20 0.01 -0.08 -0.17
xx\part\555 -1 0.05 -0.52 -0.27 0.21
xx\part\556 -1 0.13 -0.06 0.18 0.73
xx\part\557 -1 -0.04 0.01 0.13 0.99
xx\part\558 -1 -0.00 -0.03 0.12 0.89
xx\part\559 -1 0.13 0.18 -0.25 -0.01
xx\part\560 -1 -0.06 -0.22 -0.14 -0.06
xx\part\561 -1 -0.18 -0.20 -0.12 -0.17
xx\part\562 -1 0.29 -0.01 -0.18 0.04
xx\part\563 -1 -0.12 -0.15 -0.10 0.90
xx\part\564 -1 -0.03 0.06 -0.09 0.94
xx\part\565 -1 0.24 -0.47 0.07 0.12
xx\part\566 -1 0.00 0.03 -0.11 0.73
xx\part\567 -1 -0.04 -0.15 0.09 1.02
xx\part\568 -1 -0.12 -0.29 -0.17 0.17
xx\part\569 -1 0.15 -0.09 -0.21 -0.16
xx\part\570 -1 -0.21 -0.00 -0.11 0.36
xx\part\571 -1 0.04 0.07 0.17 0.48
xx\part\572 -1 -0.08 0.08 0.19 0.66
xx\part\573 -1 0.13 -0.25 0.11 -0.06
xx\part\574 -1 -0.02 0.11 0.19 0.57
xx\part\575 -1 0.02 0.00 0.43 0.71
xx\part\576 -1 -0.02 -0.08 0.21 0.23
xx\part\577 -1 0.01 0.13 0.33 0.52
xx\part\578 -1 0.19 -0.04 -0.02 -0.18
xx\part\579 -1 0.22 0.01 -0.15 -0.15
xx\part\580 -1 0.13 -0.12 0.23 0.23
xx\part\581 -1 0.04 -0.11 0.42 0.59
xx\part\582 -1 -0.13 0.04 -0.11 0.57
xx\part\583 -1 0.15 0.02 -0.25 0.09
xx\part\584 -1 0.04 -0.27 -0.05 -0.13
xx\part\585 -1 -0.04 -0.04 -0.20 0.20
xx\part\586 -1 0.27 0.23 -0.13 0.02
xx\part\587 -1 -0.10 -0.23 -0.16 -0.07
xx\part\588 -1 -0.11 -0.18 -0.20 -0.07
xx\part\589 -1 -0.09 -0.04 0.08 0.54
xx\part\590 -1 -0.09 -0.08 0.12 0.56
xx\part\591 -1 0.02 0.24 0.07 0.66
xx\part\592 -1 -0.09 0.04 0.12 0.68
xx\part\593 -1 0.11 -0.04 0.38 0.67
xx\part\594 -1 0.13 -0.05 -0.24 -0.04
xx\part\595 -1 0.14 -0.01 0.02 0.38
xx\part\596 -1 0.02 -0.10 0.15 0.69
xx\part\597 -1 0.17 0.11 -0.11 0.19
xx\part\598 -1 0.07 0.08 0.13 0.67
xx\part\599 -1 0.12 -0.36 0.16 0.03
xx\part\600 -1 0.06 0.04 -0.18 -0.13
xx\part\601 -1 0.00 0.12 -0.16 0.18
xx\part\602 -1 0.21 0.08 0.14 0.35
xx\part\603 -1 0.02 0.17 0.17 0.54
xx\part\604 -1 0.02 0.08 0.35 0.67
xx\part\605 -1 -0.02 -0.35 0.22 0.14
xx\part\606 -1 0.05 0.07 0.38 0.67
xx\part\607 -1 0.07 -0.01 -0.18 -0.18
xx\part\608 -1 0.26 -0.03 -0.16 -0.23
xx\part\609 -1 -0.19 -0.24 -0.16 0.06
xx\part\610 -1 -0.19 -0.24 -0.03 0.10
xx\part\611 -1 0.06 0.11 -0.06 0.26
xx\part\612 -1 0.17 0.04 0.17 0.21
xx\part\613 -1 -0.01 -0.39 -0.12 -0.06
xx\part\614 -1 0.21 -0.01 0.26 0.55
xx\part\615 -1 -0.09 -0.10 0.09 0.66
xx\part\616 -1 0.00 0.15 -0.22 0.08
xx\part\617 -1 0.17 0.04 -0.13 0.11
xx\part\618 -1 0.24 0.20 -0.22 0.01
xx\part\619 -1 0.15 0.04 0.20 0.61
xx\part\620 -1 0.05 0.01 0.28 0.83
xx\part\621 -1 0.20 -0.06 -0.23 -0.08
xx\part\622 -1 0.13 0.01 0.17 0.76
xx\part\623 -1 0.03 0.18 0.02 0.87
xx\part\624 -1 0.17 0.12 -0.12 0.12
xx\part\625 -1 0.25 -0.00 -0.15 0.01
xx\part\626 -1 -0.04 -0.01 0.02 0.78
xx\part\627 -1 0.08 0.07 0.14 0.86
xx\part\628 -1 0.13 0.14 0.14 0.30
xx\part\629 -1 0.00 -0.04 0.25 0.64
xx\part\630 -1 0.08 -0.40 0.18 0.22
xx\part\631 -1 -0.19 -0.44 0.03 -0.02
xx\part\632 -1 -0.08 0.00 -0.22 0.14
xx\part\633 -1 0.06 -0.14 0.19 0.16
xx\part\634 -1 0.02 0.10 -0.25 0.04
xx\part\635 -1 0.22 0.11 0.00 0.20
xx\part\636 -1 0.19 0.21 -0.05 0.09
xx\part\637 -1 0.04 0.04 0.43 0.65
xx\part\638 -1 0.18 -0.02 0.46 0.43
xx\part\639 -1 0.11 0.12 0.34 0.52
xx\part\640 -1 -0.04 0.02 0.29 0.53
xx\part\641 -1 -0.31 0.03 -0.08 0.49
xx\part\642 -1 -0.10 -0.12 0.11 0.27
xx\part\643 -1 -0.19 -0.23 -0.02 0.12
xx\part\644 -1 0.22 0.08 -0.16 -0.10
xx\part\645 -1 0.13 -0.14 0.25 0.55
xx\part\646 -1 -0.04 0.09 -0.17 0.36
xx\part\647 -1 -0.02 0.00 0.30 0.94
xx\part\648 -1 -0.02 0.04 0.25 0.90
xx\part\649 -1 -0.02 -0.10 -0.21 0.24
xx\part\650 -1 0.12 0.07 -0.04 0.46
xx\part\651 -1 -0.13 0.10 0.00 0.95
xx\part\652 -1 0.04 0.07 -0.14 0.41
xx\part\653 -1 -0.18 -0.10 -0.05 0.76
xx\part\654 -1 0.20 0.15 0.07 0.59
xx\part\655 -1 0.11 0.17 0.00 0.18
xx\part\656 -1 -0.29 -0.08 -0.02 0.14
xx\part\657 -1 0.27 0.23 -0.11 0.03
xx\part\658 -1 0.00 -0.02 -0.24 -0.20
xx\part\659 -1 0.23 -0.08 -0.08 -0.21
xx\part\660 -1 0.20 0.17 -0.18 0.03
xx\part\661 -1 0.16 0.04 0.31 0.63
xx\part\662 -1 -0.08 -0.07 -0.22 -0.10
xx\part\663 -1 0.03 0.17 -0.11 0.18
xx\part\664 -1 0.14 -0.12 0.08 -0.14
xx\part\665 -1 0.06 -0.40 0.26 -0.03
xx\part\666 -1 0.10 -0.01 0.43 0.57
xx\part\667 -1 0.13 0.03 0.42 0.55
xx\part\668 -1 -0.22 0.01 -0.10 0.47
xx\part\669 -1 0.12 -0.09 0.25 0.36
xx\part\670 -1 0.01 -0.38 0.22 -0.01
xx\part\671 -1 0.16 0.21 -0.07 0.11
xx\part\672 -1 -0.11 0.08 -0.14 0.25
xx\part\673 -1 0.20 0.13 0.10 0.12
xx\part\674 -1 0.09 -0.20 0.03 -0.14
xx\part\675 -1 0.09 -0.44 0.34 0.01
xx\part\676 -1 0.16 0.21 0.00 0.13
xx\part\677 -1 -0.05 0.02 0.36 0.59
xx\part\678 -1 -0.08 -0.26 0.23 -0.03
xx\part\679 -1 0.03 -0.07 0.53 0.36
xx\part\680 -1 0.15 0.21 -0.17 -0.00
xx\part\681 -1 0.17 0.18 -0.12 0.04
xx\part\682 -1 -0.10 -0.20 -0.20 -0.15
xx\part\683 -1 -0.09 -0.30 -0.06 -0.08
xx\part\684 -1 0.02 -0.17 -0.11 -0.19
xx\part\685 -1 -0.04 0.00 0.23 0.44
xx\part\686 -1 0.24 0.18 -0.05 -0.01
xx\part\687 -1 0.27 0.05 -0.19 -0.12
xx\part\688 -1 0.21 -0.12 -0.17 -0.13
xx\part\689 -1 0.28 -0.29 -0.01 -0.12
xx\part\690 -1 0.19 -0.20 0.17 0.14
xx\part\691 -1 -0.14 -0.19 -0.15 -0.05
xx\part\692 -1 -0.31 0.03 -0.07 0.55
xx\part\693 -1 0.01 0.07 0.34 0.69
xx\part\694 -1 -0.23 -0.37 -0.12 -0.09
xx\part\695 -1 0.10 -0.14 0.17 0.22
xx\part\696 -1 0.06 0.10 -0.01 0.39
xx\part\697 -1 0.30 0.03 -0.10 -0.04
xx\part\698 -1 0.11 0.04 0.22 0.32
xx\part\699 -1 0.09 0.11 0.19 0.38
xx\part\700 -1 0.00 0.13 0.35 0.69
xx\part\701 -1 -0.08 0.02 0.27 0.58
xx\part\702 -1 -0.03 -0.35 0.18 0.00
xx\part\703 -1 0.29 -0.04 -0.17 -0.16
xx\part\704 -1 0.00 0.02 -0.38 -0.12
xx\part\705 -1 0.00 -0.04 0.24 0.68
xx\part\706 -1 -0.09 -0.09 0.26 0.78
xx\part\707 -1 -0.19 0.08 -0.06 0.28
xx\part\708 -1 0.29 -0.14 -0.06 -0.16
xx\part\709 -1 0.00 0.11 0.18 0.89
xx\part\710 -1 0.10 -0.47 0.03 0.03
xx\part\711 -1 0.11 0.11 0.11 0.71
xx\part\712 -1 0.00 0.21 -0.03 0.76
xx\part\713 -1 0.03 0.07 0.00 0.62
xx\part\714 -1 0.09 0.22 -0.26 0.11
xx\part\715 -1 0.16 0.00 -0.30 -0.02
xx\part\716 -1 0.28 -0.08 -0.14 -0.18
xx\part\717 -1 0.03 0.03 0.40 0.55
xx\part\718 -1 0.13 -0.23 0.07 -0.12
xx\part\719 -1 0.07 0.21 -0.12 0.13
xx\part\720 -1 -0.17 -0.27 -0.01 0.23
xx\part\721 -1 -0.04 -0.18 -0.12 -0.16
xx\part\722 -1 0.06 -0.18 0.28 0.14
xx\part\723 -1 0.11 0.01 -0.14 -0.19
xx\part\724 -1 0.14 -0.12 0.20 0.67
xx\part\725 -1 0.29 0.20 -0.04 0.01
xx\part\726 -1 0.28 0.08 -0.00 -0.07
xx\part\727 -1 0.24 0.22 -0.09 0.16
xx\part\728 -1 0.14 0.07 -0.21 -0.10
xx\part\729 -1 0.25 0.07 -0.04 -0.03
xx\part\730 -1 0.21 -0.04 -0.11 -0.13
xx\part\731 -1 0.08 0.25 -0.20 0.08
xx\part\732 -1 0.18 0.17 -0.10 -0.01
xx\part\733 -1 0.21 0.11 -0.15 -0.09
xx\part\734 -1 0.04 0.11 0.25 0.61
xx\part\735 -1 0.00 0.03 0.17 0.48
xx\part\736 -1 0.09 0.17 -0.22 0.04
xx\part\737 -1 0.09 0.03 0.25 0.41
xx\part\738 -1 -0.13 -0.50 -0.08 -0.01
xx\part\739 -1 0.15 0.24 -0.22 0.06
xx\part\740 -1 0.06 -0.02 0.33 0.61
xx\part\741 -1 0.12 -0.01 -0.27 -0.21
xx\part\742 -1 0.02 0.16 0.01 0.29
xx\part\743 -1 0.17 -0.08 0.38 0.54
xx\part\744 -1 0.04 -0.04 0.30 0.65
xx\part\745 -1 0.19 -0.22 -0.03 -0.11
xx\part\746 -1 -0.09 -0.14 0.23 0.73
xx\part\747 -1 0.07 0.03 0.07 0.45
xx\part\748 -1 0.04 -0.04 0.11 0.48
xx\part\749 -1 0.09 -0.04 0.35 0.74
xx\part\750 -1 -0.13 -0.09 0.17 0.70
xx\part\751 -1 -0.05 0.00 0.32 0.86
xx\part\752 -1 -0.11 0.00 0.11 0.39
xx\part\753 -1 0.15 0.05 -0.23 0.08
xx\part\754 -1 -0.14 0.09 -0.05 0.91
xx\part\755 -1 0.16 0.08 0.12 0.68
xx\part\756 -1 0.07 0.04 -0.04 0.52
xx\part\757 -1 0.17 -0.09 0.22 0.65
xx\part\758 -1 -0.04 0.04 -0.15 0.52
xx\part\759 -1 -0.14 -0.20 0.12 0.25
xx\part\760 -1 0.07 -0.08 -0.18 -0.18
xx\part\761 -1 -0.01 0.00 0.46 0.75
xx\part\762 -1 0.35 0.01 -0.13 -0.21
xx\part\763 -1 -0.07 -0.18 0.20 0.74
xx\part\764 -1 -0.10 -0.21 -0.07 0.14
xx\part\765 -1 0.00 0.17 0.07 0.57
xx\part\766 -1 0.19 -0.01 0.34 0.50
xx\part\767 -1 0.08 0.18 0.18 0.63
xx\part\768 -1 -0.12 0.07 0.12 0.71
xx\part\769 -1 -0.04 -0.55 0.18 0.26
xx\part\770 -1 0.16 0.17 -0.15 0.08
xx\part\771 -1 0.11 0.13 -0.19 0.02
xx\part\772 -1 0.27 0.21 0.02 0.14
xx\part\773 -1 0.00 0.19 0.21 0.71
xx\part\774 -1 0.11 0.04 0.28 0.50
xx\part\775 -1 0.00 0.22 0.17 0.68
xx\part\776 -1 0.22 -0.15 0.12 0.12
xx\part\777 -1 0.05 -0.06 0.32 0.75
xx\part\778 -1 0.23 -0.02 -0.14 -0.14
xx\part\779 -1 0.05 -0.04 -0.28 -0.18
xx\part\780 -1 0.17 -0.02 -0.27 -0.20
xx\part\781 -1 -0.08 -0.07 -0.12 0.25
xx\part\782 -1 0.17 0.10 0.03 0.21
xx\part\783 -1 0.12 -0.28 0.04 -0.06
xx\part\784 -1 -0.17 -0.07 0.02 0.47
xx\part\785 -1 0.21 0.12 0.02 0.10
xx\part\786 -1 -0.01 0.16 -0.15 0.18
xx\part\787 -1 0.17 -0.22 0.10 0.03
xx\part\788 -1 0.17 -0.23 0.03 -0.13
xx\part\789 -1 0.20 -0.09 -0.19 -0.23
xx\part\790 -1 0.07 0.07 -0.22 -0.07
xx\part\791 -1 0.09 -0.18 -0.20 -0.13
xx\part\792 -1 0.18 -0.02 -0.21 -0.12
xx\part\793 -1 0.17 -0.01 0.17 0.31
xx\part\794 -1 0.22 -0.03 -0.24 -0.23
xx\part\795 -1 0.09 -0.10 0.05 0.32
xx\part\796 -1 0.26 0.10 -0.09 -0.09
xx\part\797 -1 -0.27 -0.03 -0.03 0.43
xx\part\798 -1 0.01 -0.42 0.17 0.11
xx\part\799 -1 0.04 -0.01 -0.29 -0.06
xx\part\800 -1 0.02 -0.43 0.11 0.06
xx\part\801 -1 -0.06 0.06 0.16 0.73
xx\part\802 -1 0.14 -0.02 0.32 0.58
xx\part\803 -1 -0.13 -0.05 -0.09 0.30
xx\part\804 -1 -0.04 0.10 -0.18 0.29
xx\part\805 -1 0.03 0.09 0.22 0.74
xx\part\806 -1 0.15 -0.12 0.34 0.53
xx\part\807 -1 0.09 0.22 0.12 0.63
xx\part\808 -1 0.06 -0.66 0.16 0.05
xx\part\809 -1 0.02 -0.11 0.27 0.81
xx\part\810 -1 0.16 0.01 0.23 0.66
xx\part\811 -1 -0.07 -0.37 0.07 0.17
xx\part\812 -1 -0.07 -0.31 -0.07 0.19
xx\part\813 -1 0.12 -0.14 -0.13 -0.22
xx\part\814 -1 0.14 -0.05 -0.26 -0.24
xx\part\815 -1 0.21 0.09 -0.25 -0.12
xx\part\816 -1 -0.31 -0.19 -0.12 0.12
xx\part\817 -1 0.12 -0.15 0.21 0.13
xx\part\818 -1 -0.00 -0.73 0.02 0.12
xx\part\819 -1 -0.00 0.08 -0.16 0.60
xx\part\820 -1 0.08 -0.01 -0.28 -0.19
xx\part\821 -1 0.27 0.15 -0.19 -0.00
xx\part\822 -1 0.22 0.13 -0.18 0.02
xx\part\823 -1 0.17 0.16 -0.33 0.03
xx\part\824 -1 0.07 -0.28 0.02 0.56
xx\part\825 -1 0.19 -0.05 0.21 0.01
xx\part\826 -1 -0.08 0.13 0.08 0.32
xx\part\827 -1 0.19 -0.17 0.18 -0.10
xx\part\828 -1 0.19 0.17 0.01 0.19
xx\part\829 -1 0.15 -0.27 0.31 0.10
xx\part\830 -1 0.13 0.11 -0.13 -0.07
xx\part\831 -1 0.02 0.20 -0.27 0.06
xx\part\832 -1 0.26 0.22 0.00 0.05
xx\part\833 -1 0.11 -0.24 0.18 -0.11
xx\part\834 -1 0.09 0.10 -0.31 -0.05
xx\part\835 -1 0.23 0.14 -0.03 0.05
xx\part\836 -1 0.31 -0.10 -0.15 -0.18
xx\part\837 -1 0.05 0.04 -0.27 0.04
xx\part\838 -1 0.05 -0.01 0.15 0.72
xx\part\839 -1 0.06 -0.11 -0.26 -0.20
xx\part\840 -1 -0.15 -0.33 0.06 0.27
xx\part\841 -1 0.16 -0.03 0.36 0.58
xx\part\842 -1 0.18 -0.42 0.01 0.31
xx\part\843 -1 0.18 0.15 0.01 0.88
xx\part\844 -1 -0.07 -0.07 -0.18 0.79
xx\part\845 -1 -0.12 -0.12 -0.12 0.98
xx\part\846 -1 0.06 -0.16 0.16 0.13
xx\part\847 -1 0.11 0.00 0.37 0.48
xx\part\848 -1 0.08 0.00 0.44 0.60
xx\part\849 -1 0.04 0.16 0.21 0.54
xx\part\850 -1 -0.06 0.00 0.13 0.33
xx\part\851 -1 0.09 -0.42 0.07 -0.07
xx\part\852 -1 0.11 -0.04 0.30 0.62
xx\part\853 -1 0.06 -0.04 0.36 0.56
xx\part\854 -1 -0.02 0.07 0.24 0.61
xx\part\855 -1 0.13 -0.04 0.44 0.56
xx\part\856 -1 0.10 -0.36 0.23 0.08
xx\part\857 -1 0.04 0.08 0.24 0.62
xx\part\858 -1 0.04 0.08 0.29 0.68
xx\part\859 -1 0.25 -0.13 0.10 -0.17
xx\part\860 -1 0.06 0.01 -0.38 -0.01
xx\part\861 -1 0.04 -0.27 -0.13 -0.07
xx\part\862 -1 -0.13 -0.29 0.10 0.64
xx\part\863 -1 -0.09 -0.11 0.03 0.40
xx\part\864 -1 0.12 -0.31 0.19 0.06
xx\part\865 -1 0.09 0.20 -0.26 0.00
xx\part\866 -1 -0.04 0.19 0.14 0.67
xx\part\867 -1 0.10 0.17 -0.29 0.01
xx\part\868 -1 0.05 0.12 -0.27 -0.03
xx\part\869 -1 -0.01 -0.47 0.03 -0.03
xx\part\870 -1 0.22 -0.09 0.04 -0.11
xx\part\871 -1 0.18 0.15 -0.07 0.11
xx\part\872 -1 0.06 -0.03 -0.20 -0.24
xx\part\873 -1 0.16 -0.08 0.01 -0.19
xx\part\874 -1 0.24 0.14 -0.01 -0.02
xx\part\875 -1 0.08 -0.07 0.31 0.58
xx\part\876 -1 0.19 0.12 -0.00 0.23
xx\part\877 -1 -0.28 0.00 -0.12 0.63
xx\part\878 -1 -0.07 0.02 -0.17 0.25
xx\part\879 -1 0.26 0.19 -0.08 0.13
xx\part\880 -1 0.29 0.01 -0.10 -0.18
xx\part\881 -1 -0.09 0.08 -0.18 0.29
xx\part\882 -1 -0.05 -0.28 -0.14 0.03
xx\part\883 -1 -0.01 -0.25 0.15 0.21
xx\part\884 -1 -0.07 0.08 0.16 0.36
xx\part\885 -1 0.00 -0.18 0.25 0.69
xx\part\886 -1 -0.04 -0.03 0.26 0.92
xx\part\887 -1 -0.08 0.01 0.22 0.96
xx\part\888 -1 0.29 0.07 -0.02 0.05
xx\part\889 -1 -0.11 -0.45 0.04 0.15
xx\part\890 -1 -0.10 -0.38 0.13 0.04
xx\part\891 -1 0.05 0.15 -0.28 0.05
xx\part\892 -1 -0.02 -0.21 -0.22 -0.12
xx\part\893 -1 0.25 -0.05 -0.03 -0.13
xx\part\894 -1 0.08 -0.46 0.12 0.06
xx\part\895 -1 0.20 -0.04 0.32 0.60
xx\part\896 -1 0.15 0.17 0.15 0.64
xx\part\897 -1 0.04 0.17 -0.10 0.32
xx\part\898 -1 -0.13 -0.29 0.02 0.10
xx\part\899 -1 0.29 -0.09 -0.04 -0.18
xx\part\900 -1 0.01 -0.46 0.15 0.08
xx\part\901 -1 0.31 0.08 -0.12 -0.12
xx\part\902 -1 0.11 0.08 -0.21 0.05
xx\part\903 -1 0.03 0.10 0.24 0.66
xx\part\904 -1 0.07 -0.10 -0.23 -0.16
xx\part\905 -1 -0.01 -0.01 0.34 0.81
xx\part\906 -1 0.22 0.21 -0.11 0.12
xx\part\907 -1 0.16 -0.03 -0.21 -0.20
xx\part\908 -1 0.29 0.10 -0.06 -0.06
xx\part\909 -1 0.10 0.21 -0.29 0.06
xx\part\910 -1 0.21 0.16 -0.15 0.01
xx\part\911 -1 -0.10 -0.27 -0.12 -0.13
xx\part\912 -1 0.07 -0.06 -0.29 -0.24
xx\part\913 -1 -0.02 -0.00 0.28 0.67
xx\part\914 -1 0.18 -0.00 0.38 0.54
xx\part\915 -1 -0.01 0.12 -0.18 0.28
xx\part\916 -1 -0.09 -0.02 0.14 0.70
xx\part\917 -1 0.17 0.09 0.27 0.62
xx\part\918 -1 -0.09 0.10 0.14 0.82
xx\part\919 -1 0.22 -0.10 -0.01 -0.23
xx\part\920 -1 0.08 0.03 0.46 0.59
xx\part\921 -1 -0.13 -0.33 0.12 0.03
xx\part\922 -1 0.20 -0.16 0.14 0.07
xx\part\923 -1 0.11 0.01 -0.19 -0.10
xx\part\924 -1 -0.09 -0.08 -0.16 0.29
xx\part\925 -1 0.06 -0.17 -0.33 -0.04
xx\part\926 -1 0.11 0.04 0.14 0.96
xx\part\927 -1 0.10 0.10 0.10 0.97
xx\part\928 -1 0.20 0.08 -0.12 0.09
xx\part\929 -1 0.02 -0.01 0.06 0.52
xx\part\930 -1 -0.05 -0.10 0.15 0.68
xx\part\931 -1 -0.15 -0.02 -0.13 0.29
xx\part\932 -1 0.02 0.02 0.40 0.60
xx\part\933 -1 0.06 -0.36 -0.19 0.30
xx\part\934 -1 0.16 -0.08 -0.03 0.74
xx\part\935 -1 0.19 0.04 0.09 0.25
xx\part\936 -1 0.24 -0.04 -0.08 -0.24
xx\part\937 -1 0.02 0.13 0.27 0.60
xx\part\938 -1 0.09 -0.00 0.34 0.47
xx\part\939 -1 -0.15 0.15 -0.17 0.34
xx\part\940 -1 0.01 0.03 0.32 0.63
xx\part\941 -1 0.23 0.05 0.00 -0.13
xx\part\942 -1 -0.16 0.12 -0.04 0.23
xx\part\943 -1 -0.05 0.08 -0.18 0.16
xx\part\944 -1 0.11 -0.15 0.13 -0.10
xx\part\945 -1 0.18 0.12 0.34 0.47
xx\part\946 -1 -0.12 0.02 0.28 0.65
xx\part\947 -1 -0.03 -0.11 0.37 0.52
xx\part\948 -1 -0.13 0.09 -0.04 0.29
xx\part\949 -1 0.24 0.24 -0.15 0.06
xx\part\950 -1 0.03 0.18 0.09 0.58
xx\part\951 -1 0.05 0.04 -0.30 -0.12
xx\part\952 -1 0.07 0.00 0.34 0.69
xx\part\953 -1 0.16 -0.22 -0.08 -0.15
xx\part\954 -1 0.10 0.17 -0.23 0.13
xx\part\955 -1 -0.01 -0.01 0.10 0.48
xx\part\956 -1 0.28 0.19 -0.03 0.03
xx\part\957 -1 0.01 0.11 0.18 0.28
xx\part\958 -1 0.11 -0.30 0.07 -0.11
xx\part\959 -1 0.16 0.03 -0.26 -0.09
xx\part\960 -1 0.06 0.16 -0.27 0.10
xx\part\961 -1 -0.07 -0.16 -0.22 -0.16
xx\part\962 -1 0.16 -0.08 0.13 0.11
xx\part\963 -1 0.07 0.19 -0.19 0.12
xx\part\964 -1 0.19 0.08 0.22 0.32
xx\part\965 -1 -0.17 -0.09 -0.04 0.31
xx\part\966 -1 0.04 0.00 0.22 0.64
xx\part\967 -1 -0.01 0.15 -0.13 -0.16
xx\part\968 -1 0.13 0.13 -0.20 0.04
xx\part\969 -1 0.16 0.04 -0.24 -0.13
xx\part\970 -1 0.06 -0.31 0.09 -0.05
xx\part\971 -1 0.23 0.13 0.09 -0.01
xx\part\972 -1 0.15 0.09 -0.15 -0.10
xx\part\973 -1 0.17 0.05 0.26 0.49
xx\part\974 -1 -0.02 0.00 0.22 0.54
xx\part\975 -1 -0.02 -0.12 0.37 0.61
xx\part\976 -1 0.02 0.08 0.35 0.74
xx\part\977 -1 0.02 -0.12 0.41 0.61
xx\part\978 -1 0.21 -0.08 -0.14 -0.23
xx\part\979 -1 -0.10 0.04 0.21 0.78
xx\part\980 -1 0.02 0.19 0.19 0.73
xx\part\981 -1 0.17 0.11 -0.18 -0.07
xx\part\982 -1 0.14 -0.24 0.28 0.02
xx\part\983 -1 0.05 -0.01 -0.14 -0.24
xx\part\984 -1 0.03 0.09 0.50 0.48
xx\part\985 -1 -0.27 -0.18 -0.05 0.20
xx\part\986 -1 0.12 -0.17 0.22 0.05
xx\part\987 -1 0.04 0.04 0.42 0.58
xx\part\988 -1 0.24 0.15 0.10 0.05
xx\part\989 -1 0.25 0.03 -0.03 -0.08
xx\part\990 -1 0.10 0.04 -0.21 -0.09
xx\part\991 -1 0.27 0.18 -0.09 0.03
xx\part\992 -1 0.03 -0.03 0.31 0.68
xx\part\993 -1 0.16 -0.33 0.28 0.07
xx\part\994 -1 0.26 0.09 -0.11 -0.07
xx\part\995 -1 0.09 0.15 0.13 0.57
xx\part\996 -1 -0.02 0.16 0.06 0.62
xx\part\997 -1 0.15 -0.28 -0.09 -0.15
xx\part\998 -1 0.30 0.02 -0.09 -0.19
xx\part\999 -1 0.16 0.02 -0.29 -0.15
xx\part\1000 -1 0.28 -0.08 -0.08 -0.19
xx\part\1001 -1 0.18 0.08 0.24 0.35
xx\part\1002 -1 0.14 0.09 0.08 0.15
xx\part\1003 -1 0.14 -0.23 0.14 -0.05
xx\part\1004 -1 0.11 0.06 -0.31 -0.12
xx\part\1005 -1 0.05 0.15 -0.21 0.02
xx\part\1006 -1 0.15 -0.02 -0.05 -0.26
xx\part\1007 -1 0.10 0.25 -0.10 0.06
xx\part\1008 -1 -0.11 0.13 0.05 0.33
xx\part\1009 -1 0.16 -0.17 0.24 0.14
xx\part\1010 -1 -0.25 -0.13 -0.13 -0.10
xx\part\1011 -1 -0.06 0.16 -0.15 0.07
xx\part\1012 -1 -0.06 0.11 0.15 0.39
xx\part\1013 -1 -0.04 0.11 0.20 0.28
xx\part\1014 -1 -0.10 0.01 -0.16 -0.22
xx\part\1015 -1 -0.17 0.12 -0.06 0.18
xx\part\1016 -1 -0.04 0.00 -0.24 -0.25
xx\part\1017 -1 -0.28 -0.24 0.21 -0.08
xx\part\1018 -1 0.00 -0.25 0.57 0.00
xx\part\1019 -1 0.20 -0.05 -0.00 -0.19
xx\part\1020 -1 0.12 -0.13 0.21 -0.09
xx\part\1021 -1 0.23 0.15 0.07 -0.04
xx\part\1022 -1 0.04 0.13 0.42 0.36
xx\part\1023 -1 -0.12 -0.15 0.23 0.10
xx\part\1024 -1 -0.44 0.00 -0.06 -0.21
xx\part\1025 -1 0.10 0.00 0.72 -0.07
xx\part\1026 -1 0.08 -0.04 1.04 0.08
xx\part\1027 -1 0.21 0.00 0.89 -0.04
xx\part\1028 -1 0.08 0.00 1.04 0.12
xx\part\1029 -1 0.00 -0.17 -0.10 0.53
xx\part\1030 -1 0.02 0.09 -0.15 0.32
xx\part\1031 -1 0.04 0.15 -0.24 0.10
xx\part\1032 -1 0.23 -0.06 -0.05 -0.17
xx\part\1033 -1 -0.23 -0.23 0.00 0.72
xx\part\1034 -1 0.17 -0.03 0.15 0.31
xx\part\1035 -1 0.24 0.00 -0.26 0.01
xx\part\1036 -1 0.25 0.13 -0.19 0.00
xx\part\1037 -1 0.02 -0.11 -0.25 0.12
xx\part\1038 -1 -0.05 -0.09 0.45 0.54
xx\part\1039 -1 0.06 0.17 0.30 0.52
xx\part\1040 -1 0.21 -0.33 0.19 -0.09
xx\part\1041 -1 0.19 -0.28 0.18 -0.06
xx\part\1042 -1 0.18 0.23 -0.17 0.04
xx\part\1043 -1 -0.01 -0.21 0.13 0.32
xx\part\1044 -1 0.14 0.18 -0.27 -0.02
xx\part\1045 -1 -0.14 0.04 -0.18 0.20
xx\part\1046 -1 0.18 -0.15 0.12 0.14
xx\part\1047 -1 0.12 0.00 0.36 0.70
xx\part\1048 -1 0.04 0.04 0.23 0.67
xx\part\1049 -1 0.24 0.04 0.31 0.50
xx\part\1050 -1 0.24 0.19 -0.09 0.05
xx\part\1051 -1 0.17 -0.61 0.23 0.06
xx\part\1052 -1 0.29 0.24 -0.07 0.06
xx\part\1053 -1 -0.11 -0.34 0.09 0.29
xx\part\1054 -1 0.29 0.11 -0.04 -0.04
xx\part\1055 -1 0.17 0.01 0.34 0.49
xx\part\1056 -1 -0.06 -0.12 0.26 0.55
xx\part\1057 -1 0.22 -0.09 0.11 0.14
xx\part\1058 -1 0.03 -0.07 -0.21 -0.20
xx\part\1059 -1 0.27 0.02 -0.09 -0.06
xx\part\1060 -1 0.02 0.00 0.29 0.81
xx\part\1061 -1 0.10 0.12 0.15 0.32
xx\part\1062 -1 -0.10 0.05 -0.12 0.29
xx\part\1063 -1 0.15 0.17 0.05 0.15
xx\part\1064 -1 -0.00 -0.05 0.38 0.46
xx\part\1065 -1 0.07 0.10 0.31 0.44
xx\part\1066 -1 0.07 0.00 0.46 0.50
xx\part\1067 -1 -0.04 -0.04 0.36 0.46
xx\part\1068 -1 0.04 -0.04 0.54 0.58
xx\part\1069 -1 0.07 0.15 0.19 0.30
xx\part\1070 -1 0.05 0.04 0.29 0.46
xx\part\1071 -1 -0.07 -0.04 0.42 0.68
xx\part\1072 -1 0.19 0.00 0.47 0.48
xx\part\1073 -1 0.16 0.02 -0.27 -0.02
xx\part\1074 -1 0.22 0.16 0.05 0.16
xx\part\1075 -1 0.24 -0.06 0.12 0.28
xx\part\1076 -1 0.14 -0.12 0.23 0.32
xx\part\1077 -1 0.12 -0.07 -0.28 -0.20
xx\part\1078 -1 0.07 0.15 0.18 0.73
xx\part\1079 -1 -0.04 0.08 0.04 0.79
xx\part\1080 -1 0.16 -0.08 0.19 0.56
xx\part\1081 -1 0.14 0.21 0.03 0.62
xx\part\1082 -1 0.07 0.21 -0.04 0.62
xx\part\1083 -1 -0.00 0.22 -0.08 0.68
xx\part\1084 -1 0.02 -0.14 -0.27 -0.14
xx\part\1085 -1 -0.16 -0.16 -0.20 -0.12
xx\part\1086 -1 -0.05 -0.16 -0.18 -0.14
xx\part\1087 -1 0.05 0.13 -0.19 0.15
xx\part\1088 -1 -0.00 -0.27 0.22 0.10
xx\part\1089 -1 -0.22 -0.26 -0.09 0.04
xx\part\1090 -1 0.06 0.16 0.31 0.60
xx\part\1091 -1 -0.05 0.12 0.20 0.57
xx\part\1092 -1 0.10 -0.03 0.46 0.53
xx\part\1093 -1 0.00 -0.42 0.23 0.04
xx\part\1094 -1 0.25 -0.06 -0.15 -0.22
xx\part\1095 -1 0.23 -0.07 -0.15 -0.18
xx\part\1096 -1 -0.04 0.08 -0.25 0.26
xx\part\1097 -1 0.02 0.07 0.22 0.46
xx\part\1098 -1 0.20 0.21 0.01 0.19
xx\part\1099 -1 0.01 0.12 0.14 0.36
xx\part\1100 -1 0.01 0.05 0.47 0.65
xx\part\1101 -1 0.05 -0.14 0.15 0.28
xx\part\1102 -1 0.10 0.00 0.15 0.33
xx\part\1103 -1 0.06 0.02 0.12 0.45
xx\part\1104 -1 0.22 0.17 -0.10 0.21
xx\part\1105 -1 -0.20 -0.33 0.00 0.26
xx\part\1106 -1 0.05 -0.36 0.17 0.10
xx\part\1107 -1 0.25 -0.03 -0.06 -0.16
xx\part\1108 -1 0.11 -0.01 -0.26 -0.22
xx\part\1109 -1 0.08 -0.16 0.24 0.29
xx\part\1110 -1 0.18 -0.20 0.07 -0.17
xx\part\1111 -1 0.22 -0.03 -0.17 -0.13
xx\part\1112 -1 0.05 -0.03 0.25 0.75
xx\part\1113 -1 0.01 0.06 0.19 0.64
xx\part\1114 -1 -0.07 0.03 0.21 0.74
xx\part\1115 -1 0.09 -0.01 0.37 0.70
xx\part\1116 -1 0.24 -0.18 -0.05 -0.16
xx\part\1117 -1 0.15 -0.05 0.33 0.65
xx\part\1118 -1 0.19 0.10 0.17 0.50
xx\part\1119 -1 0.12 -0.09 0.31 0.35
xx\part\1120 -1 0.12 0.02 0.42 0.58
xx\part\1121 -1 -0.03 0.09 0.17 0.54
xx\part\1122 -1 -0.03 0.05 0.17 0.50
xx\part\1123 -1 -0.03 -0.01 0.16 0.39
xx\part\1124 -1 0.01 0.10 0.24 0.56
xx\part\1125 -1 -0.01 0.09 -0.15 0.33
xx\part\1126 -1 -0.04 -0.28 -0.12 0.09
xx\part\1127 -1 -0.06 -0.13 0.23 0.78
xx\part\1128 -1 0.03 -0.00 0.12 0.63
xx\part\1129 -1 0.11 -0.08 0.29 0.68
xx\part\1130 -1 0.06 0.00 -0.24 -0.20
xx\part\1131 -1 0.07 0.20 -0.15 0.08
xx\part\1132 -1 0.07 0.08 0.34 0.52
xx\part\1133 -1 0.24 0.04 -0.15 -0.11
xx\part\1134 -1 0.11 -0.34 0.25 0.20
xx\part\1135 -1 -0.02 -0.09 0.23 0.68
xx\part\1136 -1 0.23 0.07 0.22 0.46
xx\part\1137 -1 0.06 -0.00 0.16 0.56
xx\part\1138 -1 0.10 0.01 -0.28 -0.20
xx\part\1139 -1 0.00 0.16 0.17 0.65
xx\part\1140 -1 0.04 -0.07 0.36 0.61
xx\part\1141 -1 0.12 0.05 0.33 0.60
xx\part\1142 -1 -0.03 0.15 0.09 0.59
xx\part\1143 -1 0.08 0.05 0.25 0.54
xx\part\1144 -1 -0.03 0.07 0.18 0.69
xx\part\1145 -1 0.18 -0.07 -0.29 -0.20
xx\part\1146 -1 -0.02 -0.01 0.14 0.89
xx\part\1147 -1 0.19 -0.01 0.07 0.43
xx\part\1148 -1 -0.02 0.18 -0.03 0.79
xx\part\1149 -1 0.09 0.23 -0.03 0.67
xx\part\1150 -1 -0.21 -0.15 -0.13 0.20
xx\part\1151 -1 0.17 -0.01 -0.24 -0.21
xx\part\1152 -1 0.26 -0.09 0.05 -0.07
xx\part\1153 -1 0.09 0.15 0.22 0.62
xx\part\1154 -1 0.09 0.05 0.26 0.57
xx\part\1155 -1 0.10 0.01 0.36 0.65
xx\part\1156 -1 0.09 -0.56 0.15 -0.00
xx\part\1157 -1 0.14 -0.04 0.33 0.69
xx\part\1158 -1 0.01 -0.30 0.26 0.38
xx\part\1159 -1 0.07 -0.05 -0.23 -0.11
xx\part\1160 -1 0.26 0.11 0.00 0.14
xx\part\1161 -1 0.07 0.05 0.01 0.41
xx\part\1162 -1 -0.01 -0.01 0.22 0.78
xx\part\1163 -1 -0.08 -0.40 -0.07 -0.02
xx\part\1164 -1 -0.24 -0.67 -0.03 0.05
xx\part\1165 -1 0.01 -0.61 0.15 0.09
xx\part\1166 -1 0.02 0.03 0.25 0.88
xx\part\1167 -1 -0.17 -0.10 0.12 0.83
xx\part\1168 -1 0.05 -0.26 0.14 0.36
xx\part\1169 -1 -0.12 -0.03 0.07 0.73
xx\part\1170 -1 0.13 -0.03 0.26 0.66
xx\part\1171 -1 0.16 0.14 -0.26 -0.04
xx\part\1172 -1 0.15 0.06 0.21 0.58
xx\part\1173 -1 0.17 0.06 0.16 0.46
xx\part\1174 -1 0.03 0.21 0.05 0.67
xx\part\1175 -1 0.19 -0.18 0.02 -0.08
xx\part\1176 -1 0.12 0.14 0.24 0.62
xx\part\1177 -1 -0.05 0.11 0.14 0.70
xx\part\1178 -1 0.06 0.00 0.36 0.72
xx\part\1179 -1 -0.06 0.12 -0.05 0.32
xx\part\1180 -1 0.04 0.10 0.18 0.47
xx\part\1181 -1 -0.13 -0.14 0.31 0.59
xx\part\1182 -1 -0.03 0.07 0.19 0.54
xx\part\1183 -1 0.04 -0.01 0.27 0.47
xx\part\1184 -1 -0.27 -0.10 -0.10 0.57
xx\part\1185 -1 -0.02 0.11 0.19 0.84
xx\part\1186 -1 -0.11 -0.44 -0.00 0.15
xx\part\1187 -1 0.26 -0.08 -0.08 -0.14
xx\part\1188 -1 0.14 0.18 -0.12 0.08
xx\part\1189 -1 0.16 0.17 -0.22 0.07
xx\part\1190 -1 0.12 -0.16 0.26 0.35
xx\part\1191 -1 0.17 0.19 -0.28 -0.02
xx\part\1192 -1 0.23 -0.06 -0.16 0.32
xx\part\1193 -1 0.04 0.15 -0.23 0.81
xx\part\1194 -1 0.04 -0.12 -0.17 0.67
xx\part\1195 -1 0.25 0.21 -0.12 0.09
xx\part\1196 -1 0.04 0.16 0.05 0.57
xx\part\1197 -1 0.04 0.02 0.28 0.73
xx\part\1198 -1 0.13 -0.06 0.31 0.58
xx\part\1199 -1 0.23 0.14 -0.16 -0.08
xx\part\1200 -1 0.05 0.13 0.25 0.67
xx\part\1201 -1 0.17 -0.07 0.08 -0.14
xx\part\1202 -1 -0.01 -0.71 0.16 0.17
xx\part\1203 -1 -0.27 -0.02 -0.12 0.52
xx\part\1204 -1 0.15 0.01 -0.31 0.10
xx\part\1205 -1 -0.27 -0.21 -0.16 0.22
xx\part\1206 -1 0.14 0.10 -0.02 0.34
xx\part\1207 -1 0.10 -0.07 -0.17 -0.12
xx\part\1208 -1 -0.23 -0.65 -0.10 0.04
xx\part\1209 -1 -0.22 -0.25 -0.15 0.28
xx\part\1210 -1 0.10 0.15 -0.28 0.07
xx\part\1211 -1 0.24 0.13 0.09 0.13
xx\part\1212 -1 0.20 -0.08 0.03 0.24
xx\part\1213 -1 0.03 -0.20 -0.17 0.13
xx\part\1214 -1 0.16 0.07 -0.23 -0.09
xx\part\1215 -1 0.13 0.11 -0.24 -0.06
xx\part\1216 -1 0.17 0.03 -0.23 -0.15
xx\part\1217 -1 -0.08 0.14 -0.18 0.28
xx\part\1218 -1 0.22 0.12 -0.03 -0.06
xx\part\1219 -1 0.02 0.04 0.40 0.56
xx\part\1220 -1 0.02 0.00 0.51 0.64
xx\part\1221 -1 0.23 0.22 0.02 0.13
xx\part\1222 -1 -0.18 -0.54 -0.07 0.06
xx\part\1223 -1 0.08 0.22 -0.29 0.06
xx\part\1224 -1 0.06 -0.36 0.21 0.11
xx\part\1225 -1 0.27 0.10 -0.07 -0.09
xx\part\1226 -1 -0.21 -0.45 0.05 0.33
xx\part\1227 -1 0.18 0.13 -0.16 -0.01
xx\part\1228 -1 -0.01 -0.16 0.21 0.19
xx\part\1229 -1 -0.34 -0.50 -0.08 0.05
xx\part\1230 -1 0.25 -0.06 -0.08 -0.11
xx\part\1231 -1 0.14 -0.27 0.16 -0.01
xx\part\1232 -1 0.05 0.16 -0.27 0.02
xx\part\1233 -1 -0.03 0.07 0.22 0.63
xx\part\1234 -1 0.15 0.03 0.31 0.48
xx\part\1235 -1 0.05 0.11 0.30 0.66
xx\part\1236 -1 0.17 0.10 -0.11 -0.01
xx\part\1237 -1 0.27 -0.16 -0.11 0.41
xx\part\1238 -1 0.00 -0.04 -0.08 1.28
xx\part\1239 -1 -0.07 0.08 0.33 0.70
xx\part\1240 -1 0.04 0.11 0.18 0.39
xx\part\1241 -1 0.16 0.09 0.09 0.12
xx\part\1242 -1 0.03 0.03 0.44 0.54
xx\part\1243 -1 0.03 0.17 0.34 0.57
xx\part\1244 -1 -0.09 -0.41 0.04 -0.01
xx\part\1245 -1 0.27 0.20 -0.14 0.01
xx\part\1246 -1 0.05 -0.23 0.04 -0.15
xx\part\1247 -1 -0.24 -0.33 -0.11 0.15
xx\part\1248 -1 0.17 0.15 -0.16 0.03
xx\part\1249 -1 0.14 0.15 -0.23 -0.04
xx\part\1250 -1 -0.12 -0.79 -0.06 0.39
xx\part\1251 -1 0.16 -0.07 -0.16 -0.23
xx\part\1252 -1 0.10 0.19 -0.28 -0.02
xx\part\1253 -1 0.20 0.22 0.00 0.15
xx\part\1254 -1 0.16 -0.12 -0.25 -0.18
xx\part\1255 -1 0.22 0.23 -0.12 0.03
xx\part\1256 -1 0.15 0.07 0.20 -0.05
xx\part\1257 -1 0.04 0.10 0.81 0.28
xx\part\1258 -1 -0.19 0.21 -0.10 0.03
xx\part\1259 -1 0.18 -0.13 -0.01 -0.20
xx\part\1260 -1 0.25 0.05 -0.06 -0.14
xx\part\1261 -1 0.02 -0.49 0.15 0.01
xx\part\1262 -1 -0.10 -0.07 0.21 0.68
xx\part\1263 -1 0.13 0.09 0.30 0.64
xx\part\1264 -1 -0.05 0.20 0.12 0.75
xx\part\1265 -1 -0.32 0.20 0.19 0.17
xx\part\1266 -1 0.20 0.07 0.13 -0.23
xx\part\1267 -1 0.05 0.14 0.56 0.28
xx\part\1268 -1 -0.07 0.12 0.62 0.39
xx\part\1269 -1 0.20 0.16 -0.08 0.01
xx\part\1270 -1 0.06 -0.09 0.11 0.24
xx\part\1271 -1 0.16 -0.05 -0.12 -0.16
xx\part\1272 -1 0.03 -0.52 0.15 0.03
xx\part\1273 -1 0.24 0.09 -0.14 0.08
xx\part\1274 -1 0.24 0.08 -0.10 0.04
xx\part\1275 -1 0.15 -0.26 0.11 -0.06
xx\part\1276 -1 0.19 0.05 -0.09 -0.15
xx\part\1277 -1 -0.18 -0.36 -0.13 -0.10
xx\part\1278 -1 0.08 -0.06 0.32 0.44
xx\part\1279 -1 0.01 0.06 0.30 0.61
xx\part\1280 -1 0.12 0.12 0.31 0.57
xx\part\1281 -1 -0.21 -0.49 -0.05 -0.01
xx\part\1282 -1 -0.09 -0.09 0.31 0.70
xx\part\1283 -1 -0.01 0.07 0.24 0.66
xx\part\1284 -1 0.11 -0.11 -0.11 -0.18
xx\part\1285 -1 0.15 -0.00 0.43 0.53
xx\part\1286 -1 -0.23 -0.44 0.00 0.18
xx\part\1287 -1 0.15 0.14 0.25 0.59
xx\part\1288 -1 0.01 0.21 0.07 0.60
xx\part\1289 -1 0.13 -0.08 0.31 0.48
xx\part\1290 -1 0.18 -0.03 -0.12 -0.13
xx\part\1291 -1 -0.06 0.03 0.24 0.68
xx\part\1292 -1 0.20 -0.13 0.06 -0.15
xx\part\1293 -1 -0.10 0.08 -0.13 0.21
xx\part\1294 -1 -0.18 -0.36 -0.02 0.01
xx\part\1295 -1 -0.10 -0.07 0.36 0.66
xx\part\1296 -1 0.02 0.16 0.23 0.58
xx\part\1297 -1 -0.01 0.06 0.34 0.65
xx\part\1298 -1 0.01 0.18 -0.12 0.17
xx\part\1299 -1 0.02 0.03 0.44 0.64
xx\part\1300 -1 0.06 0.14 -0.24 -0.02
xx\part\1301 -1 0.05 -0.09 -0.27 -0.06
xx\part\1302 -1 0.12 0.05 -0.16 -0.04
xx\part\1303 -1 -0.32 -0.06 -0.12 0.34
xx\part\1304 -1 0.03 0.08 0.18 0.57
xx\part\1305 -1 0.29 0.10 -0.11 -0.07
xx\part\1306 -1 0.17 0.04 0.28 0.57
xx\part\1307 -1 -0.06 -0.04 0.30 0.83
xx\part\1308 -1 -0.06 0.00 0.30 0.88
xx\part\1309 -1 0.32 -0.02 -0.19 -0.04
xx\part\1310 -1 0.04 -0.00 0.05 0.99
xx\part\1311 -1 -0.07 -0.00 0.05 1.23
xx\part\1312 -1 0.16 -0.23 0.11 0.04
xx\part\1313 -1 0.07 0.07 -0.23 -0.02
xx\part\1314 -1 0.18 -0.01 -0.29 -0.12
xx\part\1315 -1 0.07 0.07 0.30 0.15
xx\part\1316 -1 0.11 0.05 -0.17 -0.11
xx\part\1317 -1 -0.20 -0.07 -0.13 0.41
xx\part\1318 -1 -0.06 0.20 -0.21 0.20
xx\part\1319 -1 0.06 -0.32 0.16 0.22
xx\part\1320 -1 -0.12 -0.04 -0.05 0.50
xx\part\1321 -1 0.24 0.04 0.07 -0.06
xx\part\1322 -1 0.17 -0.08 -0.12 -0.15
xx\part\1323 -1 0.01 0.18 0.15 0.68
xx\part\1324 -1 -0.03 0.01 0.16 0.57
xx\part\1325 -1 -0.07 -0.19 -0.12 0.19
xx\part\1326 -1 -0.21 0.00 -0.10 0.30
xx\part\1327 -1 0.28 0.13 -0.07 0.01
xx\part\1328 -1 0.22 -0.03 -0.19 -0.22
xx\part\1329 -1 0.28 -0.11 -0.11 -0.13
xx\part\1330 -1 0.29 -0.04 -0.04 -0.12
xx\part\1331 -1 -0.04 0.01 0.25 0.78
xx\part\1332 -1 0.28 0.05 -0.01 0.14
xx\part\1333 -1 0.11 -0.05 -0.24 0.00
xx\part\1334 -1 0.14 0.14 0.14 0.75
xx\part\1335 -1 0.20 0.10 -0.05 0.23
xx\part\1336 -1 -0.16 -0.09 -0.00 0.73
xx\part\1337 -1 -0.25 -0.09 -0.11 0.51
xx\part\1338 -1 0.26 0.01 -0.18 -0.20
xx\part\1339 -1 -0.12 -0.34 -0.13 0.05
xx\part\1340 -1 0.06 -0.40 0.23 0.38
xx\part\1341 -1 0.18 0.11 0.15 0.57
xx\part\1342 -1 0.22 0.08 0.18 0.53
xx\part\1343 -1 0.31 0.03 -0.19 -0.16
xx\part\1344 -1 0.21 -0.12 0.13 0.52
xx\part\1345 -1 0.06 0.09 0.11 0.96
xx\part\1346 -1 -0.11 -0.20 0.03 0.39
xx\part\1347 -1 0.11 -0.14 -0.13 -0.18
xx\part\1348 -1 0.22 -0.12 0.05 0.18
xx\part\1349 -1 0.02 0.02 0.18 0.82
xx\part\1350 -1 0.33 0.10 -0.14 0.39
xx\part\1351 -1 0.10 0.00 -0.22 0.66
xx\part\1352 -1 0.02 0.00 -0.39 0.43
xx\part\1353 -1 0.21 0.09 0.07 0.07
xx\part\1354 -1 0.07 0.22 -0.27 0.01
xx\part\1355 -1 0.21 -0.06 0.12 -0.10
xx\part\1356 -1 0.02 0.24 -0.23 0.05
xx\part\1357 -1 0.00 0.00 0.39 0.39
xx\part\1358 -1 0.00 0.04 0.50 0.54
xx\part\1359 -1 0.32 0.08 -0.05 -0.02
xx\part\1360 -1 -0.02 -0.03 0.32 0.87
xx\part\1361 -1 0.01 -0.29 -0.17 -0.13
xx\part\1362 -1 -0.31 0.02 -0.08 0.40
xx\part\1363 -1 -0.14 0.15 -0.06 0.33
xx\part\1364 -1 -0.09 -0.40 -0.09 0.04
xx\part\1365 -1 -0.06 -0.05 0.02 0.51
xx\part\1366 -1 0.18 -0.09 0.30 0.53
xx\part\1367 -1 -0.11 0.03 0.16 0.87
xx\part\1368 -1 0.28 0.14 -0.16 -0.06
xx\part\1369 -1 0.06 0.12 0.11 0.62
xx\part\1370 -1 0.06 -0.07 0.11 0.43
xx\part\1371 -1 0.13 0.08 0.15 0.52
xx\part\1372 -1 -0.07 0.10 -0.07 0.43
xx\part\1373 -1 0.12 -0.12 0.38 0.54
xx\part\1374 -1 0.07 0.15 0.19 0.63
