xx\positive\0 1 0.03 0.03 -0.12 0.00
xx\positive\1 1 0.15 0.13 0.01 -0.10
xx\positive\2 1 0.01 -0.01 0.10 0.38
xx\positive\3 1 -0.10 -0.02 0.04 0.25
xx\positive\4 1 0.05 0.08 -0.16 0.09
xx\positive\5 1 0.04 -0.04 0.05 0.06
xx\positive\6 1 0.20 -0.06 0.03 0.13
xx\positive\7 1 0.00 0.06 0.03 0.42
xx\positive\8 1 -0.09 -0.11 -0.07 0.06
xx\positive\9 1 -0.02 -0.22 0.01 0.21
xx\positive\10 1 0.01 0.06 -0.09 0.17
xx\positive\11 1 -0.09 -0.03 0.00 0.16
xx\positive\12 1 0.25 -0.03 -0.05 -0.03
xx\positive\13 1 0.20 -0.08 0.03 0.06
xx\positive\14 1 -0.06 0.04 -0.22 0.13
xx\positive\15 1 0.05 0.05 -0.19 0.15
xx\positive\16 1 0.09 -0.25 -0.07 0.03
xx\positive\17 1 -0.03 -0.18 -0.03 -0.07
xx\positive\18 1 0.12 -0.07 -0.09 -0.00
xx\positive\19 1 0.25 0.02 -0.02 0.17
xx\positive\20 1 0.03 0.12 -0.11 0.06
xx\positive\21 1 0.27 -0.02 0.00 -0.03
xx\positive\22 1 0.05 0.15 0.02 0.14
xx\positive\23 1 -0.07 0.04 -0.17 0.12
xx\positive\24 1 0.12 -0.10 -0.01 0.29
xx\positive\25 1 0.00 0.02 0.04 0.00
xx\positive\26 1 -0.02 0.12 0.02 0.26
xx\positive\27 1 0.17 -0.05 0.03 -0.17
xx\positive\28 1 0.28 0.06 0.00 -0.00
xx\positive\29 1 0.08 -0.08 -0.16 -0.09
xx\positive\30 1 -0.00 -0.08 -0.03 0.25
xx\positive\31 1 0.16 0.00 0.15 0.04
xx\positive\32 1 0.12 0.00 0.09 -0.17
xx\positive\33 1 -0.05 0.10 0.16 0.07
xx\positive\34 1 0.00 0.10 -0.14 -0.12
xx\positive\35 1 -0.02 0.01 -0.15 -0.03
xx\positive\36 1 0.08 0.10 -0.00 0.14
xx\positive\37 1 0.12 -0.12 -0.03 -0.11
xx\positive\38 1 0.05 0.09 -0.14 0.18
xx\positive\39 1 0.05 -0.02 0.04 0.04
xx\positive\40 1 0.12 0.14 -0.11 -0.03
xx\positive\41 1 -0.07 -0.22 0.02 0.16
xx\positive\42 1 -0.01 -0.08 0.20 0.09
xx\positive\43 1 -0.05 -0.07 -0.20 0.04
xx\positive\44 1 0.06 0.05 -0.17 0.08
xx\positive\45 1 0.15 -0.07 0.08 0.03
xx\positive\46 1 0.14 -0.13 0.10 -0.02
xx\positive\47 1 0.06 -0.04 -0.20 -0.10
xx\positive\48 1 0.15 -0.05 0.11 0.11
xx\positive\49 1 0.05 -0.00 -0.14 0.27
xx\positive\50 1 0.26 0.02 -0.01 -0.04
xx\positive\51 1 -0.03 0.13 -0.04 0.16
xx\positive\52 1 -0.00 -0.00 0.00 0.40
xx\positive\53 1 0.08 0.11 -0.10 0.16
xx\positive\54 1 -0.01 -0.11 -0.17 0.00
xx\positive\55 1 0.06 -0.18 -0.02 -0.01
xx\positive\56 1 0.07 -0.07 0.03 0.22
xx\positive\57 1 0.17 0.08 0.04 -0.02
xx\positive\58 1 0.13 -0.08 -0.09 -0.11
xx\positive\59 1 -0.10 -0.29 0.00 0.11
xx\positive\60 1 0.12 0.05 0.02 0.04
xx\positive\61 1 -0.02 -0.05 0.12 0.06
xx\positive\62 1 0.03 -0.30 0.05 -0.09
xx\positive\63 1 0.17 -0.11 0.08 -0.07
xx\positive\64 1 0.06 -0.07 -0.04 0.11
xx\positive\65 1 -0.01 -0.07 -0.02 0.27
xx\positive\66 1 0.02 0.09 -0.04 0.20
xx\positive\67 1 -0.05 0.10 -0.17 0.10
xx\positive\68 1 0.00 -0.15 -0.01 0.02
xx\positive\69 1 0.25 0.06 0.03 0.06
xx\positive\70 1 0.14 -0.06 -0.04 0.04
xx\positive\71 1 0.02 -0.11 -0.13 -0.14
xx\positive\72 1 0.06 0.14 -0.03 0.22
xx\positive\73 1 -0.02 0.02 -0.03 0.12
xx\positive\74 1 0.09 0.06 -0.15 0.04
xx\positive\75 1 -0.06 -0.23 -0.06 -0.06
xx\positive\76 1 0.04 -0.01 -0.20 0.05
xx\positive\77 1 -0.05 -0.14 0.03 -0.14
xx\positive\78 1 0.19 0.16 0.02 -0.03
xx\positive\79 1 0.11 -0.05 0.05 -0.16
xx\positive\80 1 0.04 0.13 -0.18 0.00
xx\positive\81 1 -0.14 0.04 -0.18 0.06
xx\positive\82 1 -0.05 -0.02 -0.05 -0.12
xx\positive\83 1 0.09 0.02 -0.15 -0.13
xx\positive\84 1 0.05 0.16 0.01 0.16
xx\positive\85 1 0.05 0.01 -0.09 0.19
xx\positive\86 1 0.08 0.11 0.03 0.15
xx\positive\87 1 -0.01 0.04 -0.21 -0.08
xx\positive\88 1 0.13 -0.00 -0.16 0.05
xx\positive\89 1 0.09 0.10 -0.06 0.15
xx\positive\90 1 0.11 0.12 0.03 -0.08
xx\positive\91 1 0.15 -0.09 -0.07 -0.09
xx\positive\92 1 -0.07 0.02 0.07 0.12
xx\positive\93 1 0.14 -0.01 -0.04 0.04
xx\positive\94 1 0.13 0.03 -0.10 0.06
xx\positive\95 1 0.18 0.02 -0.03 0.15
xx\positive\96 1 0.04 -0.02 -0.16 -0.13
xx\positive\97 1 0.27 0.04 0.02 0.04
xx\positive\98 1 -0.03 -0.38 0.00 0.02
xx\positive\99 1 0.11 0.04 -0.10 0.10
xx\positive\100 1 -0.06 -0.19 -0.13 -0.06
xx\positive\101 1 0.08 -0.05 -0.15 -0.02
xx\positive\102 1 -0.12 0.16 -0.12 0.02
xx\positive\103 1 0.10 -0.11 -0.06 0.06
xx\positive\104 1 0.13 0.10 -0.05 0.14
xx\positive\105 1 -0.01 -0.22 -0.13 -0.08
xx\positive\106 1 -0.06 -0.24 -0.04 -0.01
xx\positive\107 1 0.03 0.03 -0.00 0.46
xx\positive\108 1 -0.05 0.03 -0.13 0.21
xx\positive\109 1 -0.03 -0.00 -0.23 -0.11
xx\positive\110 1 -0.06 -0.14 0.11 -0.00
xx\positive\111 1 0.00 -0.33 -0.03 -0.06
xx\positive\112 1 0.09 0.04 -0.02 0.03
xx\positive\113 1 0.03 -0.14 -0.02 0.21
xx\positive\114 1 0.06 0.10 0.01 0.25
xx\positive\115 1 -0.00 0.09 -0.21 -0.08
xx\positive\116 1 -0.13 -0.04 -0.06 0.25
xx\positive\117 1 -0.01 0.03 -0.02 0.23
xx\positive\118 1 0.01 0.02 -0.17 -0.16
xx\positive\119 1 -0.31 0.00 -0.11 -0.02
xx\positive\120 1 0.10 -0.03 -0.01 -0.01
xx\positive\121 1 0.08 0.00 -0.13 0.27
xx\positive\122 1 0.06 0.00 -0.17 0.04
xx\positive\123 1 0.01 -0.02 -0.12 0.00
xx\positive\124 1 0.01 -0.07 -0.19 -0.13
xx\positive\125 1 0.04 0.12 0.01 0.06
xx\positive\126 1 0.04 0.03 -0.03 0.13
xx\positive\127 1 0.20 0.06 0.01 0.01
xx\positive\128 1 0.23 0.03 0.06 -0.07
xx\positive\129 1 -0.02 0.07 -0.16 0.01
xx\positive\130 1 -0.01 -0.04 -0.19 -0.01
xx\positive\131 1 -0.10 -0.07 -0.23 0.04
xx\positive\132 1 0.02 0.08 0.00 0.40
xx\positive\133 1 0.01 0.04 -0.05 0.12
xx\positive\134 1 0.21 -0.03 -0.00 -0.10
xx\positive\135 1 0.09 0.03 -0.17 -0.06
xx\positive\136 1 0.12 0.02 -0.10 -0.11
xx\positive\137 1 -0.00 0.05 -0.23 -0.07
xx\positive\138 1 0.01 -0.21 0.14 0.11
xx\positive\139 1 0.07 -0.09 -0.05 0.09
xx\positive\140 1 0.04 0.11 -0.16 0.00
xx\positive\141 1 -0.05 -0.03 -0.05 0.23
xx\positive\142 1 -0.06 -0.08 -0.06 0.22
xx\positive\143 1 0.15 0.11 -0.04 0.13
xx\positive\144 1 -0.08 0.07 -0.17 0.14
xx\positive\145 1 0.10 0.02 -0.14 -0.04
xx\positive\146 1 0.11 0.03 -0.01 0.09
xx\positive\147 1 -0.04 -0.05 0.04 0.13
xx\positive\148 1 0.15 -0.03 0.07 0.09
xx\positive\149 1 0.03 -0.02 -0.06 -0.07
xx\positive\150 1 0.05 0.02 -0.01 -0.01
xx\positive\151 1 0.12 0.04 0.13 0.17
xx\positive\152 1 0.11 0.08 0.11 0.10
xx\positive\153 1 0.14 -0.04 0.04 -0.04
xx\positive\154 1 0.15 0.02 -0.10 0.05
xx\positive\155 1 0.02 -0.02 -0.09 0.02
xx\positive\156 1 0.00 -0.21 -0.03 0.21
xx\positive\157 1 -0.03 0.06 -0.12 0.07
xx\positive\158 1 0.06 -0.19 0.03 -0.03
xx\positive\159 1 0.04 -0.00 -0.07 -0.07
xx\positive\160 1 -0.03 0.08 0.02 0.29
xx\positive\161 1 0.11 0.08 -0.02 0.14
xx\positive\162 1 0.13 0.00 -0.09 -0.08
xx\positive\163 1 0.04 -0.11 -0.15 -0.12
xx\positive\164 1 -0.03 0.12 -0.10 0.20
xx\positive\165 1 0.07 0.07 -0.22 0.01
xx\positive\166 1 0.07 -0.05 -0.05 -0.04
xx\positive\167 1 0.19 0.00 0.02 -0.05
xx\positive\168 1 0.11 -0.14 -0.11 -0.08
xx\positive\169 1 0.07 0.05 -0.21 0.02
xx\positive\170 1 0.17 0.03 0.04 -0.02
xx\positive\171 1 0.00 -0.02 -0.00 0.18
xx\positive\172 1 -0.06 -0.00 -0.15 0.01
xx\positive\173 1 0.12 0.01 -0.07 -0.10
xx\positive\174 1 0.01 -0.34 0.01 0.05
xx\positive\175 1 0.06 -0.26 -0.02 0.08
xx\positive\176 1 0.03 -0.03 -0.03 0.00
xx\positive\177 1 0.23 -0.06 0.02 -0.05
xx\positive\178 1 0.13 -0.06 0.01 0.32
xx\positive\179 1 0.12 0.06 -0.10 0.07
xx\positive\180 1 0.00 0.08 -0.24 -0.03
xx\positive\181 1 -0.18 -0.13 -0.04 0.06
xx\positive\182 1 -0.01 -0.00 -0.22 -0.04
xx\positive\183 1 -0.02 -0.01 -0.16 -0.04
xx\positive\184 1 0.16 -0.10 -0.03 -0.12
xx\positive\185 1 0.08 0.01 -0.15 0.05
xx\positive\186 1 0.05 0.10 -0.17 0.08
xx\positive\187 1 0.06 -0.06 -0.16 -0.01
xx\positive\188 1 0.18 0.03 0.07 -0.05
xx\positive\189 1 0.05 -0.12 0.06 0.12
xx\positive\190 1 0.02 -0.02 -0.15 0.08
xx\positive\191 1 0.11 0.03 -0.09 0.23
xx\positive\192 1 0.19 -0.09 -0.00 0.04
xx\positive\193 1 0.01 0.01 -0.10 0.36
xx\positive\194 1 0.04 -0.24 -0.07 -0.08
xx\positive\195 1 -0.06 -0.30 -0.08 0.05
xx\positive\196 1 -0.10 -0.16 0.10 0.02
xx\positive\197 1 0.01 0.03 -0.14 0.26
xx\positive\198 1 0.02 -0.38 0.09 -0.01
xx\positive\199 1 0.10 -0.09 0.03 0.11
xx\positive\200 1 0.11 -0.23 0.04 -0.08
xx\positive\201 1 0.08 -0.00 -0.17 -0.13
xx\positive\202 1 0.03 -0.03 -0.24 -0.01
xx\positive\203 1 -0.09 -0.04 -0.08 0.13
xx\positive\204 1 0.17 0.01 0.03 0.09
xx\positive\205 1 0.16 -0.12 -0.00 -0.07
xx\positive\206 1 0.07 0.08 -0.10 -0.07
xx\positive\207 1 -0.13 -0.02 -0.01 0.28
xx\positive\208 1 0.00 -0.25 -0.04 -0.15
xx\positive\209 1 0.13 0.02 -0.17 -0.06
xx\positive\210 1 0.09 0.01 -0.14 -0.08
xx\positive\211 1 0.04 -0.20 -0.09 -0.11
xx\positive\212 1 -0.15 -0.15 -0.01 0.17
xx\positive\213 1 -0.06 -0.15 -0.04 0.07
xx\positive\214 1 0.07 0.11 0.02 0.07
xx\positive\215 1 0.14 -0.07 0.02 -0.08
xx\positive\216 1 0.13 0.05 -0.14 -0.04
xx\positive\217 1 0.16 -0.05 -0.02 0.02
xx\positive\218 1 -0.01 0.11 -0.03 0.15
xx\positive\219 1 0.07 0.09 0.05 0.18
xx\positive\220 1 -0.01 0.13 -0.17 0.13
xx\positive\221 1 -0.03 -0.17 -0.03 -0.01
xx\positive\222 1 0.02 -0.11 -0.13 0.02
xx\positive\223 1 0.18 -0.01 0.09 -0.01
xx\positive\224 1 0.01 -0.02 -0.07 0.05
xx\positive\225 1 0.07 -0.15 -0.01 0.00
xx\positive\226 1 -0.07 0.07 -0.11 0.04
xx\positive\227 1 0.15 0.01 0.01 0.03
xx\positive\228 1 -0.17 -0.08 0.05 0.13
xx\positive\229 1 -0.03 0.17 -0.16 0.04
xx\positive\230 1 -0.19 -0.18 0.01 0.03
xx\positive\231 1 0.05 0.15 -0.06 -0.05
xx\positive\232 1 -0.01 0.00 -0.14 -0.05
xx\positive\233 1 -0.07 0.03 -0.01 0.27
xx\positive\234 1 0.03 -0.11 0.09 -0.04
xx\positive\235 1 0.08 -0.17 0.08 -0.08
xx\positive\236 1 -0.06 0.02 -0.24 -0.01
xx\positive\237 1 0.21 -0.09 0.01 -0.08
xx\positive\238 1 0.14 -0.03 -0.04 0.01
xx\positive\239 1 0.16 -0.13 -0.02 -0.11
xx\positive\240 1 -0.01 -0.05 0.17 0.23
xx\positive\241 1 -0.03 -0.03 0.00 0.08
xx\positive\242 1 0.04 0.05 -0.10 -0.07
xx\positive\243 1 0.06 -0.13 -0.10 0.19
xx\positive\244 1 -0.06 -0.06 -0.18 -0.10
xx\positive\245 1 -0.08 0.09 -0.18 0.01
xx\positive\246 1 -0.02 -0.07 -0.05 0.22
xx\positive\247 1 0.03 0.09 -0.19 0.06
xx\positive\248 1 0.01 0.06 0.02 0.01
xx\positive\249 1 -0.03 0.08 -0.18 0.12
xx\positive\250 1 0.13 0.07 -0.10 0.11
xx\positive\251 1 -0.03 -0.13 -0.03 0.13
xx\positive\252 1 -0.05 -0.11 -0.17 -0.01
xx\positive\253 1 0.21 -0.06 0.01 -0.03
xx\positive\254 1 0.24 -0.02 -0.03 -0.05
xx\positive\255 1 0.01 -0.01 0.03 0.36
xx\positive\256 1 0.21 -0.06 0.06 -0.05
xx\positive\257 1 0.25 0.07 0.02 -0.01
xx\positive\258 1 0.04 -0.02 -0.15 0.07
xx\positive\259 1 0.02 -0.00 0.00 0.39
xx\positive\260 1 0.04 -0.11 -0.15 -0.02
xx\positive\261 1 0.00 -0.12 0.03 0.10
xx\positive\262 1 -0.16 0.00 -0.01 0.28
xx\positive\263 1 0.07 -0.01 -0.13 0.14
xx\positive\264 1 0.21 -0.03 -0.08 0.01
xx\positive\265 1 0.09 -0.07 -0.15 -0.04
xx\positive\266 1 0.03 0.06 -0.07 0.21
xx\positive\267 1 0.14 0.05 0.11 0.15
xx\positive\268 1 0.05 0.01 -0.08 0.02
xx\positive\269 1 0.09 -0.10 0.01 0.08
xx\positive\270 1 -0.08 -0.16 -0.01 0.22
xx\positive\271 1 0.11 -0.09 -0.04 0.03
xx\positive\272 1 0.22 0.01 -0.04 0.04
xx\positive\273 1 -0.14 -0.22 -0.10 -0.02
xx\positive\274 1 0.04 0.09 -0.07 0.04
xx\positive\275 1 -0.13 0.03 0.00 0.18
xx\positive\276 1 -0.14 -0.18 -0.09 0.01
xx\positive\277 1 0.22 0.03 -0.06 -0.00
xx\positive\278 1 0.19 -0.03 0.05 0.13
xx\positive\279 1 0.14 -0.24 -0.07 -0.02
xx\positive\280 1 0.03 -0.05 -0.22 -0.08
xx\positive\281 1 -0.02 0.06 0.07 -0.22
xx\positive\282 1 0.13 0.08 -0.08 0.02
xx\positive\283 1 0.00 -0.08 -0.05 0.17
xx\positive\284 1 0.13 0.06 -0.01 0.21
xx\positive\285 1 -0.08 -0.19 -0.05 -0.00
xx\positive\286 1 0.00 -0.03 -0.18 -0.15
xx\positive\287 1 0.09 0.08 -0.02 0.18
xx\positive\288 1 0.20 -0.01 0.00 -0.04
xx\positive\289 1 -0.04 -0.28 -0.09 -0.06
xx\positive\290 1 -0.04 0.05 -0.15 0.05
xx\positive\291 1 0.03 -0.17 0.16 0.02
xx\positive\292 1 0.01 -0.05 -0.04 0.02
xx\positive\293 1 -0.02 -0.36 -0.05 0.04
xx\positive\294 1 -0.01 0.06 -0.23 0.00
xx\positive\295 1 0.04 0.03 -0.15 0.22
xx\positive\296 1 0.06 -0.16 -0.16 -0.03
xx\positive\297 1 0.27 -0.02 -0.02 0.06
xx\positive\298 1 0.11 -0.01 -0.14 0.10
xx\positive\299 1 0.14 0.01 -0.08 -0.14
xx\positive\300 1 0.05 -0.16 0.08 -0.13
xx\positive\301 1 -0.01 0.13 -0.20 0.06
