xx\positive\0 1 -0.07 0.09 0.01 -0.13
xx\positive\1 1 -0.02 0.05 0.13 -0.12
xx\positive\2 1 -0.19 0.10 -0.05 -0.01
xx\positive\3 1 -0.02 -0.03 -0.01 -0.24
xx\positive\4 1 0.03 -0.02 0.22 -0.09
xx\positive\5 1 0.10 0.13 0.10 -0.10
xx\positive\6 1 -0.02 0.13 -0.14 -0.09
xx\positive\7 1 0.02 -0.24 0.06 0.07
xx\positive\8 1 -0.00 0.04 -0.23 0.03
xx\positive\9 1 0.05 0.18 -0.01 -0.14
xx\positive\10 1 -0.02 -0.10 0.06 0.13
xx\positive\11 1 0.12 -0.04 0.15 0.14
xx\positive\12 1 -0.05 -0.05 -0.11 0.02
xx\positive\13 1 -0.02 0.07 -0.14 0.05
xx\positive\14 1 -0.02 0.06 0.08 0.30
xx\positive\15 1 -0.02 0.05 -0.12 -0.14
xx\positive\16 1 -0.01 0.06 0.15 0.10
xx\positive\17 1 -0.11 -0.00 0.02 0.01
xx\positive\18 1 -0.05 -0.04 -0.10 0.18
xx\positive\19 1 0.01 -0.09 -0.19 -0.06
xx\positive\20 1 -0.10 -0.00 -0.19 0.15
xx\positive\21 1 -0.04 -0.30 0.13 0.01
xx\positive\22 1 0.01 -0.08 -0.15 -0.00
xx\positive\23 1 0.13 -0.12 -0.08 -0.10
xx\positive\24 1 0.13 0.00 0.06 0.20
xx\positive\25 1 -0.07 -0.11 -0.20 0.02
xx\positive\26 1 0.12 -0.11 -0.06 0.03
xx\positive\27 1 0.01 -0.08 -0.22 -0.02
xx\positive\28 1 0.08 0.01 -0.14 0.17
xx\positive\29 1 0.08 0.01 -0.14 0.13
xx\positive\30 1 0.18 -0.06 0.02 0.17
xx\positive\31 1 0.04 -0.04 -0.23 -0.01
xx\positive\32 1 -0.01 0.05 -0.19 0.19
xx\positive\33 1 0.10 -0.08 0.10 0.10
xx\positive\34 1 0.00 0.11 -0.11 0.17
xx\positive\35 1 -0.04 -0.08 -0.12 0.02
xx\positive\36 1 -0.02 -0.05 -0.19 0.00
xx\positive\37 1 0.11 0.07 -0.04 0.16
xx\positive\38 1 -0.08 -0.06 -0.15 0.12
xx\positive\39 1 0.04 0.06 0.02 0.31
xx\positive\40 1 -0.07 -0.13 -0.07 0.13
xx\positive\41 1 0.10 0.00 0.02 0.16
xx\positive\42 1 0.11 -0.17 0.06 0.04
xx\positive\43 1 -0.07 0.02 0.11 0.25
xx\positive\44 1 -0.03 -0.12 0.04 0.32
xx\positive\45 1 0.03 -0.02 0.04 0.34
xx\positive\46 1 0.01 0.08 0.00 0.32
xx\positive\47 1 0.03 0.04 0.04 0.31
xx\positive\48 1 0.06 0.01 0.07 0.27
xx\positive\49 1 0.21 0.01 -0.10 0.01
xx\positive\50 1 0.01 -0.02 -0.04 0.36
xx\positive\51 1 0.25 -0.00 0.08 -0.04
xx\positive\52 1 0.17 -0.06 0.03 -0.06
xx\positive\53 1 0.00 0.01 -0.15 0.11
xx\positive\54 1 0.02 -0.05 -0.09 0.09
xx\positive\55 1 0.02 -0.03 -0.22 -0.04
xx\positive\56 1 0.19 -0.01 -0.04 -0.09
xx\positive\57 1 0.15 -0.07 0.07 0.04
xx\positive\58 1 -0.03 0.01 -0.24 -0.04
xx\positive\59 1 0.05 0.08 0.05 0.29
xx\positive\60 1 0.05 -0.13 0.08 0.11
xx\positive\61 1 0.10 -0.01 -0.21 0.02
xx\positive\62 1 -0.02 0.02 -0.22 -0.06
xx\positive\63 1 -0.04 0.00 -0.26 0.00
xx\positive\64 1 0.15 -0.10 0.06 0.10
xx\positive\65 1 -0.02 -0.05 -0.00 0.29
xx\positive\66 1 -0.05 0.03 -0.26 0.07
xx\positive\67 1 -0.15 -0.04 -0.12 0.16
xx\positive\68 1 0.04 0.11 -0.12 0.09
xx\positive\69 1 -0.02 -0.19 -0.02 -0.02
xx\positive\70 1 -0.02 -0.13 -0.01 0.17
xx\positive\71 1 0.12 0.04 0.05 0.22
xx\positive\72 1 0.26 0.01 -0.04 -0.04
xx\positive\73 1 0.11 0.07 -0.15 0.08
xx\positive\74 1 -0.06 0.02 -0.23 0.05
xx\positive\75 1 -0.01 0.08 -0.21 0.06
xx\positive\76 1 -0.12 -0.14 -0.13 0.02
xx\positive\77 1 0.12 0.11 0.16 -0.01
xx\positive\78 1 -0.01 0.04 -0.16 0.09
xx\positive\79 1 0.10 -0.11 -0.01 -0.02
xx\positive\80 1 -0.05 0.05 -0.18 0.01
xx\positive\81 1 0.19 -0.04 -0.06 0.11
xx\positive\82 1 0.17 0.06 -0.07 0.09
xx\positive\83 1 0.01 0.04 -0.12 0.22
xx\positive\84 1 0.03 0.10 0.02 0.17
xx\positive\85 1 0.09 0.00 -0.07 0.11
xx\positive\86 1 0.16 -0.05 0.07 -0.09
xx\positive\87 1 0.04 0.02 -0.09 -0.07
xx\positive\88 1 0.09 0.00 0.04 0.15
xx\positive\89 1 -0.14 0.02 -0.12 0.14
xx\positive\90 1 0.05 -0.09 0.18 0.16
xx\positive\91 1 0.09 -0.11 0.02 0.07
xx\positive\92 1 -0.05 -0.08 0.03 0.28
xx\positive\93 1 0.03 0.05 -0.24 -0.03
xx\positive\94 1 0.03 -0.23 0.07 0.10
xx\positive\95 1 0.10 0.00 -0.07 -0.16
xx\positive\96 1 -0.06 0.09 -0.12 0.05
xx\positive\97 1 0.05 0.02 0.15 0.14
xx\positive\98 1 0.02 -0.15 -0.08 -0.10
xx\positive\99 1 0.03 -0.21 -0.12 0.03
xx\positive\100 1 0.11 -0.05 -0.09 0.09
xx\positive\101 1 0.06 0.09 -0.11 0.17
xx\positive\102 1 0.00 0.00 -0.19 0.10
xx\positive\103 1 0.08 0.04 -0.14 0.06
xx\positive\104 1 0.10 -0.04 -0.14 -0.04
xx\positive\105 1 0.13 0.15 -0.07 -0.04
xx\positive\106 1 -0.02 0.09 -0.19 -0.06
xx\positive\107 1 0.14 -0.07 0.16 -0.02
xx\positive\108 1 0.07 -0.02 -0.04 -0.18
xx\positive\109 1 0.02 -0.06 0.06 -0.08
xx\positive\110 1 0.04 0.13 -0.02 0.21
xx\positive\111 1 0.08 0.02 -0.04 -0.02
xx\positive\112 1 0.07 -0.04 -0.06 -0.09
xx\positive\113 1 0.11 -0.02 0.00 -0.06
xx\positive\114 1 0.09 -0.02 0.11 0.09
xx\positive\115 1 -0.12 -0.08 -0.15 -0.02
xx\positive\116 1 0.00 -0.02 0.00 0.10
xx\positive\117 1 0.05 -0.04 -0.11 0.03
xx\positive\118 1 0.10 -0.01 -0.17 -0.08
xx\positive\119 1 0.04 -0.12 -0.02 0.03
xx\positive\120 1 0.26 -0.00 0.01 -0.04
xx\positive\121 1 0.14 -0.06 -0.06 0.21
xx\positive\122 1 -0.08 -0.00 -0.04 -0.10
xx\positive\123 1 -0.03 0.21 -0.10 -0.01
xx\positive\124 1 0.09 0.04 -0.01 -0.15
xx\positive\125 1 -0.02 -0.03 0.04 -0.07
xx\positive\126 1 0.15 0.14 -0.03 0.04
xx\positive\127 1 0.12 0.11 -0.01 0.06
xx\positive\128 1 0.05 -0.13 -0.06 -0.15
xx\positive\129 1 0.18 -0.09 -0.05 -0.09
xx\positive\130 1 -0.00 -0.02 -0.03 0.25
xx\positive\131 1 -0.04 -0.06 -0.07 0.27
xx\positive\132 1 0.01 0.01 -0.05 0.30
xx\positive\133 1 0.09 0.12 -0.14 0.03
xx\positive\134 1 -0.07 -0.10 -0.04 0.12
xx\positive\135 1 -0.07 0.05 -0.06 0.24
xx\positive\136 1 -0.02 -0.06 -0.13 -0.06
xx\positive\137 1 0.02 -0.08 0.15 0.20
xx\positive\138 1 0.10 -0.01 0.14 0.16
xx\positive\139 1 0.19 0.07 0.04 0.03
xx\positive\140 1 0.06 0.04 0.07 0.17
xx\positive\141 1 0.01 0.13 -0.00 0.24
xx\positive\142 1 0.13 -0.01 -0.00 -0.03
xx\positive\143 1 -0.02 -0.06 0.02 0.16
xx\positive\144 1 0.03 0.07 -0.21 0.02
xx\positive\145 1 0.08 0.07 -0.05 0.10
xx\positive\146 1 0.02 0.09 -0.03 0.22
xx\positive\147 1 0.00 0.04 -0.24 0.09
xx\positive\148 1 0.20 -0.14 0.04 -0.02
xx\positive\149 1 0.11 -0.03 -0.17 -0.06
xx\positive\150 1 0.10 -0.04 -0.13 -0.07
xx\positive\151 1 0.10 0.00 -0.10 0.13
xx\positive\152 1 0.08 -0.04 -0.19 0.01
xx\positive\153 1 0.17 -0.02 0.10 -0.02
xx\positive\154 1 0.11 -0.02 0.09 0.04
xx\positive\155 1 -0.16 -0.05 -0.11 0.15
xx\positive\156 1 0.07 -0.23 0.15 -0.00
xx\positive\157 1 -0.09 -0.04 -0.04 0.25
xx\positive\158 1 0.08 0.04 -0.08 0.07
xx\positive\159 1 0.05 0.06 -0.22 -0.05
xx\positive\160 1 0.15 -0.00 -0.03 -0.05
xx\positive\161 1 -0.00 0.04 -0.22 -0.05
xx\positive\162 1 0.13 -0.07 0.06 -0.00
xx\positive\163 1 0.10 -0.09 0.10 -0.07
xx\positive\164 1 -0.14 -0.09 -0.11 0.01
xx\positive\165 1 -0.00 0.04 -0.26 0.04
xx\positive\166 1 0.22 0.03 0.02 0.04
xx\positive\167 1 0.12 0.10 -0.00 0.22
xx\positive\168 1 -0.02 -0.02 -0.17 0.06
xx\positive\169 1 -0.01 0.18 0.05 0.20
xx\positive\170 1 0.14 0.13 0.04 0.00
xx\positive\171 1 0.16 -0.02 0.17 -0.04
xx\positive\172 1 0.02 0.07 -0.06 -0.04
xx\positive\173 1 0.10 -0.02 -0.18 -0.09
xx\positive\174 1 0.06 -0.11 -0.13 -0.08
xx\positive\175 1 -0.01 0.07 -0.27 0.01
xx\positive\176 1 -0.04 -0.22 -0.09 0.04
xx\positive\177 1 0.14 -0.18 0.00 -0.03
xx\positive\178 1 -0.00 0.06 0.01 0.21
xx\positive\179 1 0.22 0.03 0.02 0.10
xx\positive\180 1 0.11 0.07 -0.05 0.20
xx\positive\181 1 0.07 -0.17 0.06 0.03
xx\positive\182 1 -0.10 0.01 -0.19 0.11
xx\positive\183 1 0.02 0.13 -0.14 0.14
xx\positive\184 1 -0.10 -0.03 -0.18 0.09
xx\positive\185 1 0.02 0.10 -0.03 0.24
xx\positive\186 1 0.06 0.03 0.05 0.14
xx\positive\187 1 -0.10 -0.21 -0.02 -0.01
xx\positive\188 1 0.05 -0.16 -0.05 -0.13
xx\positive\189 1 0.14 0.06 -0.05 0.08
xx\positive\190 1 0.17 0.10 -0.06 0.10
xx\positive\191 1 0.18 -0.09 0.02 0.00
xx\positive\192 1 0.08 -0.04 -0.19 -0.09
xx\positive\193 1 0.18 0.02 -0.06 0.00
xx\positive\194 1 0.15 -0.10 0.10 0.12
xx\positive\195 1 0.12 -0.06 -0.03 0.22
xx\positive\196 1 -0.04 0.00 -0.08 0.19
xx\positive\197 1 0.10 0.02 -0.05 0.07
xx\positive\198 1 0.11 -0.04 -0.10 -0.08
xx\positive\199 1 0.16 -0.06 0.04 -0.03
xx\positive\200 1 0.09 0.08 0.06 0.23
xx\positive\201 1 -0.03 -0.09 0.15 0.17
xx\positive\202 1 -0.03 0.03 -0.03 0.09
xx\positive\203 1 0.00 -0.02 -0.11 0.01
xx\positive\204 1 0.19 -0.07 -0.04 -0.08
xx\positive\205 1 -0.02 -0.17 -0.11 -0.01
xx\positive\206 1 0.08 -0.03 -0.18 -0.10
xx\positive\207 1 0.04 0.01 0.06 0.32
xx\positive\208 1 0.21 0.05 0.05 0.12
xx\positive\209 1 0.05 0.01 -0.02 0.17
xx\positive\210 1 0.03 -0.17 0.02 0.07
xx\positive\211 1 0.28 0.04 0.03 0.06
xx\positive\212 1 0.03 -0.05 -0.21 -0.07
xx\positive\213 1 0.01 -0.09 -0.10 0.04
xx\positive\214 1 0.05 -0.02 -0.05 0.07
xx\positive\215 1 0.04 0.05 -0.24 0.00
xx\positive\216 1 0.01 -0.13 -0.19 -0.08
xx\positive\217 1 0.18 0.02 -0.04 0.01
xx\positive\218 1 0.06 0.01 -0.09 -0.01
xx\positive\219 1 0.08 0.00 -0.12 0.05
xx\positive\220 1 -0.03 0.02 -0.07 0.07
xx\positive\221 1 0.20 -0.07 -0.05 -0.03
xx\positive\222 1 -0.10 -0.15 -0.15 0.06
xx\positive\223 1 0.17 0.07 -0.14 -0.00
xx\positive\224 1 0.14 0.01 0.07 0.18
xx\positive\225 1 0.14 0.01 0.07 0.18
xx\positive\226 1 0.02 -0.06 0.04 0.24
xx\positive\227 1 -0.02 -0.07 0.11 0.30
xx\positive\228 1 0.00 0.10 0.00 0.31
xx\positive\229 1 0.19 -0.05 0.11 0.05
xx\positive\230 1 0.10 -0.03 -0.02 0.10
xx\positive\231 1 0.19 -0.02 0.07 0.12
xx\positive\232 1 0.23 0.03 0.06 0.06
xx\positive\233 1 0.14 -0.05 -0.05 0.09
xx\positive\234 1 0.26 0.02 0.09 0.00
xx\positive\235 1 0.02 0.07 0.05 0.18
xx\positive\236 1 -0.05 -0.20 -0.02 -0.09
xx\positive\237 1 -0.05 0.09 -0.24 -0.02
xx\positive\238 1 -0.14 -0.05 -0.09 0.09
xx\positive\239 1 0.08 0.02 -0.02 0.00
xx\positive\240 1 -0.07 0.02 -0.16 0.16
xx\positive\241 1 0.11 0.11 0.00 0.13
xx\positive\242 1 0.02 -0.25 -0.04 -0.05
xx\positive\243 1 -0.04 0.00 -0.20 -0.02
xx\positive\244 1 0.09 -0.06 0.06 0.00
xx\positive\245 1 -0.05 -0.13 0.00 0.02
xx\positive\246 1 0.05 0.07 -0.10 0.00
xx\positive\247 1 -0.04 0.00 -0.02 0.22
xx\positive\248 1 0.00 -0.11 0.11 0.22
xx\positive\249 1 0.15 0.14 0.00 0.15
xx\positive\250 1 0.00 0.12 -0.02 0.29
xx\positive\251 1 -0.16 -0.11 0.09 0.11
xx\positive\252 1 0.11 -0.07 -0.11 0.09
xx\positive\253 1 0.08 -0.16 0.05 0.02
xx\positive\254 1 0.12 0.07 -0.03 0.10
xx\positive\255 1 0.09 -0.00 -0.02 0.27
xx\positive\256 1 0.02 -0.02 -0.14 -0.04
xx\positive\257 1 0.09 0.10 -0.11 0.02
xx\positive\258 1 -0.05 -0.06 -0.18 -0.06
xx\positive\259 1 0.04 -0.04 -0.23 -0.07
xx\positive\260 1 0.03 -0.01 -0.25 -0.07
xx\positive\261 1 0.16 0.03 -0.07 0.04
xx\positive\262 1 0.17 -0.03 0.04 0.13
xx\positive\263 1 0.04 -0.06 0.04 0.31
xx\positive\264 1 0.19 -0.09 0.01 0.04
xx\positive\265 1 0.16 -0.07 0.04 0.01
xx\positive\266 1 0.06 -0.23 -0.04 -0.11
xx\positive\267 1 0.20 -0.12 0.08 0.02
xx\positive\268 1 0.08 0.05 -0.07 0.17
xx\positive\269 1 0.08 0.08 -0.02 0.29
xx\positive\270 1 0.10 -0.15 -0.02 0.03
xx\positive\271 1 -0.01 -0.01 0.07 0.37
xx\positive\272 1 0.08 0.10 -0.09 0.16
xx\positive\273 1 -0.15 -0.17 0.00 0.13
xx\positive\274 1 0.10 0.05 -0.13 -0.08
xx\positive\275 1 0.12 -0.02 -0.09 -0.14
xx\positive\276 1 0.08 0.02 -0.14 -0.07
xx\positive\277 1 -0.08 0.02 -0.18 0.08
xx\positive\278 1 0.14 -0.12 0.07 -0.02
xx\positive\279 1 -0.02 0.05 0.01 0.28
xx\positive\280 1 0.22 0.02 0.11 0.08
xx\positive\281 1 -0.08 -0.18 -0.12 -0.00
xx\positive\282 1 -0.03 0.01 -0.13 0.11
xx\positive\283 1 -0.03 -0.05 -0.18 -0.00
xx\positive\284 1 0.02 -0.01 -0.11 0.05
xx\positive\285 1 -0.02 0.12 -0.01 0.29
xx\positive\286 1 0.21 -0.04 0.01 0.05
xx\positive\287 1 -0.03 -0.14 -0.10 0.14
xx\positive\288 1 0.02 -0.15 0.13 0.19
xx\positive\289 1 -0.03 -0.13 -0.11 0.14
xx\positive\290 1 -0.01 -0.09 -0.05 0.24
xx\positive\291 1 0.01 0.03 -0.30 0.05
xx\positive\292 1 0.02 -0.04 -0.16 0.18
xx\positive\293 1 0.08 -0.03 -0.08 0.08
xx\positive\294 1 0.23 -0.15 0.01 0.03
xx\positive\295 1 0.14 0.07 -0.12 0.06
xx\positive\296 1 -0.02 -0.12 -0.21 -0.04
xx\positive\297 1 0.00 -0.08 0.00 0.14
xx\positive\298 1 0.00 0.12 -0.04 0.29
xx\positive\299 1 -0.02 -0.17 0.02 0.11
xx\positive\300 1 -0.06 -0.07 -0.03 0.18
xx\positive\301 1 0.06 0.09 -0.11 0.19
xx\positive\302 1 0.15 -0.14 -0.01 0.02
xx\positive\303 1 0.21 -0.04 -0.05 -0.02
xx\positive\304 1 0.06 -0.06 -0.02 0.22
xx\positive\305 1 0.06 -0.02 0.04 0.25
xx\positive\306 1 0.00 0.01 -0.01 0.27
xx\positive\307 1 0.11 -0.14 -0.02 -0.17
xx\positive\308 1 -0.01 0.07 -0.01 0.16
xx\positive\309 1 0.20 0.10 0.05 0.00
xx\positive\310 1 -0.02 -0.17 -0.08 -0.07
xx\positive\311 1 -0.08 -0.05 -0.01 0.15
xx\positive\312 1 -0.06 -0.02 -0.20 -0.05
xx\positive\313 1 0.06 0.01 -0.04 -0.05
xx\positive\314 1 -0.07 -0.04 -0.14 -0.08
xx\positive\315 1 -0.17 -0.07 -0.11 0.02
xx\positive\316 1 0.17 -0.00 0.14 0.00
xx\positive\317 1 0.09 0.06 -0.15 -0.08
xx\positive\318 1 0.01 0.09 -0.20 -0.02
xx\positive\319 1 0.15 -0.04 0.05 0.25
xx\positive\320 1 0.01 0.00 -0.09 0.29
xx\positive\321 1 -0.02 -0.10 -0.05 -0.02
xx\positive\322 1 0.12 0.02 0.03 0.02
xx\positive\323 1 -0.14 -0.11 0.01 0.16
xx\positive\324 1 -0.00 -0.06 -0.07 -0.02
xx\positive\325 1 -0.06 -0.06 -0.12 -0.02
xx\positive\326 1 0.12 0.03 0.05 0.24
xx\positive\327 1 -0.06 -0.30 -0.08 -0.03
xx\positive\328 1 -0.07 -0.04 -0.20 0.12
xx\positive\329 1 0.22 0.10 -0.00 -0.00
xx\positive\330 1 0.02 -0.22 -0.00 -0.08
xx\positive\331 1 0.13 0.03 -0.05 0.15
xx\positive\332 1 0.03 -0.18 -0.15 -0.03
xx\positive\333 1 0.00 -0.18 -0.03 0.16
xx\positive\334 1 0.02 0.06 -0.22 0.03
xx\positive\335 1 0.05 0.10 -0.19 0.08
xx\positive\336 1 0.10 -0.02 -0.00 0.05
xx\positive\337 1 -0.02 -0.27 -0.00 -0.07
xx\positive\338 1 -0.11 -0.02 -0.21 0.05
xx\positive\339 1 0.00 0.03 -0.09 0.31
xx\positive\340 1 -0.02 -0.10 0.27 0.08
xx\positive\341 1 -0.06 -0.12 0.23 0.08
xx\positive\342 1 -0.06 -0.02 0.11 -0.15
xx\positive\343 1 0.08 0.04 0.20 -0.12
xx\positive\344 1 -0.04 -0.02 0.10 -0.17
xx\positive\345 1 0.05 -0.02 0.03 0.24
xx\positive\346 1 0.13 0.00 0.06 -0.10
xx\positive\347 1 -0.10 -0.03 0.13 0.18
xx\positive\348 1 0.05 0.10 -0.03 -0.02
xx\positive\349 1 -0.08 0.02 -0.04 0.02
xx\positive\350 1 0.06 -0.06 0.06 -0.12
xx\positive\351 1 0.09 0.04 0.02 -0.09
xx\positive\352 1 -0.18 0.04 -0.09 0.07
xx\positive\353 1 -0.12 0.07 -0.14 0.00
xx\positive\354 1 -0.06 -0.18 0.15 0.09
xx\positive\355 1 -0.03 -0.11 0.03 0.00
xx\positive\356 1 0.07 -0.05 0.05 -0.02
xx\positive\357 1 0.10 0.06 0.00 -0.22
xx\positive\358 1 -0.02 0.12 0.07 0.00
xx\positive\359 1 -0.05 -0.05 0.05 -0.17
xx\positive\360 1 0.00 -0.28 0.00 -0.05
xx\positive\361 1 0.04 0.10 -0.19 0.04
xx\positive\362 1 0.17 0.06 0.00 0.08
xx\positive\363 1 -0.04 0.02 -0.22 0.02
xx\positive\364 1 0.05 -0.21 0.19 0.00
xx\positive\365 1 -0.07 -0.18 0.05 0.00
xx\positive\366 1 -0.12 0.06 -0.10 0.15
xx\positive\367 1 -0.04 0.14 -0.14 0.09
xx\positive\368 1 0.02 -0.08 -0.02 -0.06
xx\positive\369 1 -0.12 -0.12 -0.10 -0.04
xx\positive\370 1 -0.02 0.17 -0.06 0.19
xx\positive\371 1 0.12 -0.06 -0.10 0.00
xx\positive\372 1 0.02 -0.16 -0.14 0.00
xx\positive\373 1 0.00 0.07 0.03 0.00
xx\positive\374 1 0.03 -0.03 0.08 -0.08
xx\positive\375 1 -0.08 -0.08 -0.14 -0.03
xx\positive\376 1 -0.02 0.12 -0.19 0.05
xx\positive\377 1 0.05 -0.03 -0.12 -0.16
xx\positive\378 1 0.14 0.01 0.15 0.04
xx\positive\379 1 0.11 0.00 -0.14 -0.01
xx\positive\380 1 0.13 -0.10 0.04 0.11
xx\positive\381 1 0.05 0.06 -0.20 0.05
xx\positive\382 1 0.00 -0.02 -0.05 0.33
xx\positive\383 1 0.18 -0.01 0.04 0.17
xx\positive\384 1 -0.06 -0.01 -0.20 0.17
xx\positive\385 1 0.18 -0.01 -0.05 0.05
xx\positive\386 1 0.16 -0.07 0.18 0.03
xx\positive\387 1 -0.10 -0.31 -0.04 -0.02
xx\positive\388 1 0.15 0.01 -0.04 -0.02
xx\positive\389 1 0.08 -0.02 -0.14 -0.09
xx\positive\390 1 0.03 -0.07 -0.01 0.08
xx\positive\391 1 -0.00 -0.10 -0.13 -0.01
xx\positive\392 1 0.09 0.05 -0.17 -0.01
xx\positive\393 1 -0.13 -0.11 -0.03 -0.16
xx\positive\394 1 -0.06 -0.02 -0.06 0.27
xx\positive\395 1 0.04 0.01 -0.12 -0.17
xx\positive\396 1 0.03 -0.02 0.17 0.09
xx\positive\397 1 0.12 -0.18 0.07 0.02
xx\positive\398 1 -0.04 -0.07 -0.07 0.14
xx\positive\399 1 0.00 0.02 0.04 0.33
xx\positive\400 1 -0.03 -0.15 0.01 0.04
xx\positive\401 1 0.01 -0.16 0.01 0.00
xx\positive\402 1 0.05 -0.02 -0.16 -0.10
xx\positive\403 1 0.01 0.06 -0.20 -0.02
xx\positive\404 1 -0.05 -0.08 -0.01 0.24
xx\positive\405 1 -0.04 0.09 -0.21 0.02
xx\positive\406 1 0.05 -0.02 0.10 0.31
xx\positive\407 1 0.01 -0.03 0.03 0.24
xx\positive\408 1 0.07 0.04 0.07 0.32
xx\positive\409 1 0.01 0.10 -0.25 0.03
xx\positive\410 1 0.06 0.07 0.05 0.19
xx\positive\411 1 -0.02 0.11 -0.05 0.29
xx\positive\412 1 -0.10 -0.09 -0.10 0.14
xx\positive\413 1 -0.04 0.03 -0.15 0.06
xx\positive\414 1 0.03 -0.06 -0.05 0.04
xx\positive\415 1 0.09 -0.03 -0.12 -0.08
xx\positive\416 1 0.09 0.01 -0.19 -0.02
xx\positive\417 1 -0.14 0.10 -0.12 -0.02
xx\positive\418 1 0.11 0.00 0.04 0.29
xx\positive\419 1 0.10 -0.31 0.03 0.06
xx\positive\420 1 -0.02 -0.05 -0.02 0.24
xx\positive\421 1 0.09 -0.07 0.04 0.12
xx\positive\422 1 0.05 0.07 0.04 0.31
xx\positive\423 1 0.25 0.06 -0.00 0.05
xx\positive\424 1 0.00 0.09 -0.11 0.15
xx\positive\425 1 0.08 -0.06 -0.09 -0.06
xx\positive\426 1 -0.09 -0.28 0.00 0.04
xx\positive\427 1 0.06 0.08 -0.12 0.07
xx\positive\428 1 0.03 -0.27 0.06 -0.10
xx\positive\429 1 0.02 0.12 -0.10 0.19
xx\positive\430 1 -0.04 -0.11 0.03 0.19
xx\positive\431 1 -0.03 -0.04 -0.16 0.02
xx\positive\432 1 0.04 -0.09 -0.14 -0.15
xx\positive\433 1 -0.00 0.06 0.01 0.23
xx\positive\434 1 0.10 0.03 0.12 0.19
xx\positive\435 1 -0.12 -0.03 0.01 0.28
xx\positive\436 1 0.05 0.08 0.01 0.18
xx\positive\437 1 0.12 0.02 -0.10 -0.06
xx\positive\438 1 0.08 0.04 -0.03 0.09
xx\positive\439 1 -0.02 -0.07 -0.14 0.21
xx\positive\440 1 0.07 0.02 -0.03 0.13
xx\positive\441 1 -0.08 -0.28 -0.06 -0.03
xx\positive\442 1 -0.02 0.11 -0.11 0.19
xx\positive\443 1 0.01 -0.06 -0.11 -0.01
xx\positive\444 1 -0.02 -0.04 -0.09 0.06
xx\positive\445 1 0.01 -0.11 -0.15 -0.11
xx\positive\446 1 0.04 0.04 0.01 0.36
xx\positive\447 1 0.17 0.01 0.20 -0.04
xx\positive\448 1 0.07 -0.06 0.25 0.10
xx\positive\449 1 0.05 -0.11 -0.16 -0.08
xx\positive\450 1 -0.02 -0.07 -0.05 0.20
xx\positive\451 1 0.18 -0.11 0.09 0.08
xx\positive\452 1 0.07 0.01 0.16 0.23
xx\positive\453 1 -0.00 -0.03 -0.04 0.05
xx\positive\454 1 -0.14 0.01 -0.13 -0.03
xx\positive\455 1 0.12 -0.07 0.07 0.24
xx\positive\456 1 0.16 0.11 -0.06 0.01
xx\positive\457 1 -0.06 -0.06 -0.20 -0.09
xx\positive\458 1 0.12 0.11 -0.08 0.03
xx\positive\459 1 0.05 0.12 -0.18 0.06
xx\positive\460 1 0.17 -0.03 -0.01 -0.03
xx\positive\461 1 0.09 -0.18 0.04 -0.03
xx\positive\462 1 -0.04 0.06 -0.23 0.10
xx\positive\463 1 0.21 0.01 -0.09 -0.07
xx\positive\464 1 0.11 0.17 0.01 0.03
xx\positive\465 1 0.03 -0.14 0.26 0.04
xx\positive\466 1 0.10 -0.09 0.21 -0.02
xx\positive\467 1 0.05 -0.21 -0.02 0.21
xx\positive\468 1 0.14 0.01 -0.03 -0.13
xx\positive\469 1 -0.02 -0.01 -0.06 -0.01
xx\positive\470 1 0.06 -0.13 -0.03 -0.03
xx\positive\471 1 0.12 0.05 -0.14 -0.07
xx\positive\472 1 0.05 -0.06 0.01 0.09
xx\positive\473 1 0.18 0.14 0.01 0.02
xx\positive\474 1 0.09 0.00 0.04 0.25
xx\positive\475 1 0.07 0.00 -0.02 0.20
xx\positive\476 1 -0.08 0.03 -0.21 0.11
xx\positive\477 1 0.13 0.18 0.03 0.06
xx\positive\478 1 -0.01 -0.19 0.24 0.04
xx\positive\479 1 -0.03 -0.05 0.16 -0.09
xx\positive\480 1 0.22 0.00 0.03 -0.07
xx\positive\481 1 0.03 0.06 -0.15 0.07
xx\positive\482 1 -0.05 -0.10 -0.02 0.19
xx\positive\483 1 0.05 -0.07 -0.19 -0.06
xx\positive\484 1 0.04 -0.07 -0.21 -0.06
xx\positive\485 1 -0.06 -0.08 0.02 0.20
xx\positive\486 1 -0.01 -0.01 -0.14 0.09
xx\positive\487 1 0.08 -0.30 -0.03 -0.08
xx\positive\488 1 0.07 0.04 -0.07 0.05
xx\positive\489 1 -0.01 0.09 -0.05 0.22
xx\positive\490 1 0.07 -0.09 0.02 0.01
xx\positive\491 1 -0.01 -0.10 -0.03 0.09
xx\positive\492 1 0.01 0.12 -0.25 0.01
xx\positive\493 1 0.04 0.08 -0.15 -0.01
xx\positive\494 1 0.01 -0.13 -0.15 -0.07
xx\positive\495 1 0.08 0.01 -0.14 -0.01
xx\positive\496 1 0.05 0.01 -0.05 0.14
xx\positive\497 1 0.04 0.02 0.14 0.29
xx\positive\498 1 0.19 0.03 0.10 0.08
xx\positive\499 1 -0.05 -0.24 -0.01 -0.02
xx\positive\500 1 0.15 0.01 -0.12 -0.04
xx\positive\501 1 -0.06 -0.23 0.03 0.04
xx\positive\502 1 -0.05 -0.05 -0.19 -0.06
xx\positive\503 1 -0.09 0.06 -0.14 0.09
xx\positive\504 1 0.02 -0.11 0.01 -0.03
xx\positive\505 1 0.05 -0.06 -0.05 -0.09
xx\positive\506 1 0.08 -0.12 -0.01 -0.12
xx\positive\507 1 0.13 -0.01 -0.02 -0.09
xx\positive\508 1 -0.07 -0.14 -0.09 0.03
xx\positive\509 1 0.00 -0.04 -0.10 0.03
xx\positive\510 1 -0.07 -0.15 -0.04 0.08
xx\positive\511 1 0.03 -0.02 -0.02 0.12
xx\positive\512 1 -0.01 -0.03 -0.25 0.15
xx\positive\513 1 0.06 -0.30 -0.09 -0.04
xx\positive\514 1 0.05 -0.05 -0.14 0.10
xx\positive\515 1 0.16 -0.04 -0.04 -0.12
xx\positive\516 1 0.17 0.02 0.01 -0.02
xx\positive\517 1 -0.01 0.08 -0.26 0.02
xx\positive\518 1 -0.07 0.01 -0.14 0.20
xx\positive\519 1 0.02 -0.25 -0.10 -0.08
xx\positive\520 1 0.08 -0.03 0.13 0.17
xx\positive\521 1 0.14 0.11 0.03 0.13
xx\positive\522 1 -0.03 0.07 -0.12 0.11
xx\positive\523 1 -0.01 0.06 -0.13 0.10
xx\positive\524 1 -0.05 -0.08 -0.19 -0.03
xx\positive\525 1 0.17 0.08 -0.07 0.01
xx\positive\526 1 0.09 -0.11 -0.15 -0.04
xx\positive\527 1 0.15 0.06 -0.08 0.13
xx\positive\528 1 -0.14 -0.08 0.02 0.20
xx\positive\529 1 0.24 0.05 0.06 -0.01
xx\positive\530 1 0.15 -0.04 -0.05 -0.12
xx\positive\531 1 0.09 -0.16 0.10 -0.01
xx\positive\532 1 -0.08 -0.28 -0.06 -0.07
xx\positive\533 1 0.10 -0.04 -0.11 -0.09
xx\positive\534 1 0.02 -0.12 -0.06 -0.05
xx\positive\535 1 0.21 0.03 -0.03 -0.09
xx\positive\536 1 0.25 0.03 0.05 -0.03
xx\positive\537 1 0.16 0.09 0.04 0.12
xx\positive\538 1 0.01 -0.07 0.14 0.25
xx\positive\539 1 -0.09 -0.09 -0.02 0.15
xx\positive\540 1 -0.08 -0.06 -0.11 0.06
xx\positive\541 1 0.18 -0.02 0.13 0.08
xx\positive\542 1 -0.02 -0.03 -0.17 -0.05
xx\positive\543 1 0.18 0.07 -0.08 0.05
xx\positive\544 1 0.14 -0.05 0.05 0.13
xx\positive\545 1 -0.02 -0.04 -0.12 0.32
xx\positive\546 1 0.09 -0.06 -0.08 0.18
xx\positive\547 1 0.17 -0.02 -0.16 -0.03
xx\positive\548 1 -0.07 -0.24 -0.15 0.00
xx\positive\549 1 -0.05 -0.18 -0.18 -0.02
xx\positive\550 1 -0.07 0.03 -0.12 -0.06
xx\positive\551 1 0.02 -0.05 0.18 0.05
xx\positive\552 1 0.02 0.09 -0.11 0.23
xx\positive\553 1 0.04 0.09 -0.13 0.17
xx\positive\554 1 0.00 -0.12 -0.09 0.02
xx\positive\555 1 0.11 -0.18 0.05 0.05
xx\positive\556 1 0.00 -0.28 0.01 -0.03
xx\positive\557 1 0.07 0.06 -0.04 0.18
xx\positive\558 1 0.21 0.09 0.02 0.11
xx\positive\559 1 0.07 -0.24 -0.08 -0.06
xx\positive\560 1 0.09 -0.00 -0.11 0.12
xx\positive\561 1 0.05 0.14 -0.11 0.09
xx\positive\562 1 0.12 -0.00 0.01 0.01
xx\positive\563 1 0.19 -0.05 0.10 0.09
xx\positive\564 1 -0.05 -0.08 -0.12 0.09
xx\positive\565 1 -0.01 -0.07 -0.13 0.03
xx\positive\566 1 -0.03 -0.03 0.12 0.31
xx\positive\567 1 0.20 0.08 0.03 0.05
xx\positive\568 1 0.02 0.03 -0.22 -0.11
xx\positive\569 1 -0.06 -0.11 -0.10 0.02
xx\positive\570 1 0.20 0.01 0.08 0.17
xx\positive\571 1 0.06 -0.25 0.09 0.10
xx\positive\572 1 0.08 0.03 -0.18 -0.02
xx\positive\573 1 0.16 -0.04 0.06 0.11
xx\positive\574 1 0.05 -0.07 -0.13 -0.13
xx\positive\575 1 0.08 0.11 -0.15 -0.00
xx\positive\576 1 -0.03 0.10 -0.15 0.12
xx\positive\577 1 -0.09 -0.05 -0.17 0.10
xx\positive\578 1 0.10 0.03 -0.07 0.02
xx\positive\579 1 0.19 0.09 -0.06 -0.02
xx\positive\580 1 0.04 0.05 -0.14 0.04
xx\positive\581 1 0.11 0.11 -0.09 0.06
xx\positive\582 1 0.19 -0.02 0.06 0.02
xx\positive\583 1 0.06 -0.02 -0.01 0.10
xx\positive\584 1 0.01 0.14 0.04 0.27
xx\positive\585 1 0.12 -0.02 0.11 0.05
xx\positive\586 1 0.12 -0.04 0.03 -0.03
xx\positive\587 1 0.05 0.14 -0.17 0.01
xx\positive\588 1 0.10 -0.18 0.16 -0.03
xx\positive\589 1 0.20 0.01 0.10 -0.01
xx\positive\590 1 0.12 0.02 -0.01 -0.02
xx\positive\591 1 0.04 -0.07 -0.03 -0.04
xx\positive\592 1 -0.17 -0.18 -0.01 0.12
xx\positive\593 1 0.03 0.13 -0.08 0.13
xx\positive\594 1 0.03 -0.05 -0.09 -0.06
xx\positive\595 1 0.06 0.12 -0.09 0.07
xx\positive\596 1 0.02 0.09 -0.14 0.10
xx\positive\597 1 0.04 0.12 -0.05 0.21
xx\positive\598 1 0.10 0.05 -0.01 0.12
xx\positive\599 1 0.02 0.03 -0.17 0.00
xx\positive\600 1 -0.07 -0.01 0.07 0.25
xx\positive\601 1 -0.01 -0.08 -0.17 -0.15
xx\positive\602 1 0.16 -0.01 -0.08 -0.13
xx\positive\603 1 0.12 -0.18 0.02 -0.09
xx\positive\604 1 -0.07 -0.03 -0.13 0.10
xx\positive\605 1 0.17 -0.05 0.12 0.06
xx\positive\606 1 0.13 0.02 -0.05 -0.01
xx\positive\607 1 -0.10 -0.08 -0.20 -0.04
xx\positive\608 1 0.10 0.07 -0.04 0.06
xx\positive\609 1 0.01 -0.20 0.14 -0.02
xx\positive\610 1 -0.02 0.01 0.04 0.13
xx\positive\611 1 0.05 0.05 0.06 0.10
xx\positive\612 1 0.13 0.18 -0.03 0.05
xx\positive\613 1 -0.07 0.06 0.07 0.22
xx\positive\614 1 -0.01 -0.04 -0.11 -0.12
xx\positive\615 1 0.02 0.13 -0.20 0.01
xx\positive\616 1 -0.15 -0.00 -0.05 0.24
xx\positive\617 1 -0.11 0.04 -0.16 0.12
xx\positive\618 1 -0.01 -0.14 -0.08 0.28
xx\positive\619 1 0.11 -0.18 0.01 0.04
xx\positive\620 1 -0.11 -0.03 -0.17 0.12
xx\positive\621 1 0.08 -0.17 0.02 -0.02
xx\positive\622 1 0.17 0.04 -0.01 0.00
xx\positive\623 1 0.12 0.04 -0.10 0.11
xx\positive\624 1 0.16 -0.18 -0.06 0.04
xx\positive\625 1 -0.05 -0.26 -0.03 -0.07
xx\positive\626 1 0.09 -0.16 -0.04 -0.15
xx\positive\627 1 0.09 -0.01 -0.09 -0.07
xx\positive\628 1 0.06 0.06 -0.14 -0.04
xx\positive\629 1 0.15 -0.04 0.02 0.15
xx\positive\630 1 0.14 -0.05 -0.07 0.03
xx\positive\631 1 0.00 -0.03 -0.23 0.05
xx\positive\632 1 0.10 -0.03 -0.20 0.10
xx\positive\633 1 0.00 -0.13 0.05 0.10
xx\positive\634 1 0.10 -0.10 -0.08 -0.14
xx\positive\635 1 -0.04 0.06 -0.24 0.00
xx\positive\636 1 0.17 0.13 -0.06 0.04
xx\positive\637 1 0.05 -0.02 -0.05 0.29
xx\positive\638 1 0.02 -0.01 -0.07 0.42
xx\positive\639 1 0.14 -0.01 -0.03 0.29
xx\positive\640 1 -0.05 -0.03 -0.18 -0.07
xx\positive\641 1 0.02 -0.00 -0.06 0.02
xx\positive\642 1 -0.01 -0.10 -0.08 -0.07
xx\positive\643 1 0.14 0.03 0.03 0.09
xx\positive\644 1 0.05 0.04 0.09 0.26
xx\positive\645 1 0.04 0.10 -0.15 0.02
xx\positive\646 1 0.12 -0.03 0.11 0.09
xx\positive\647 1 -0.06 -0.02 -0.01 0.34
xx\positive\648 1 -0.01 0.02 -0.01 0.30
xx\positive\649 1 0.10 0.11 -0.04 0.14
xx\positive\650 1 0.11 0.07 0.08 0.10
xx\positive\651 1 0.17 -0.03 0.12 0.12
xx\positive\652 1 0.03 0.13 -0.04 0.25
xx\positive\653 1 -0.02 0.10 -0.19 0.10
xx\positive\654 1 -0.01 -0.14 -0.06 -0.02
xx\positive\655 1 0.03 0.04 -0.07 -0.01
xx\positive\656 1 -0.01 -0.04 -0.19 -0.17
xx\positive\657 1 -0.04 0.02 -0.01 0.09
xx\positive\658 1 0.21 0.02 0.06 0.10
xx\positive\659 1 0.10 0.10 -0.01 0.23
xx\positive\660 1 0.00 -0.07 -0.14 -0.03
xx\positive\661 1 0.12 0.00 -0.06 -0.02
xx\positive\662 1 -0.05 -0.15 -0.05 0.05
xx\positive\663 1 0.00 0.04 -0.15 0.06
xx\positive\664 1 0.07 0.12 -0.05 0.12
xx\positive\665 1 0.06 0.00 0.03 0.20
xx\positive\666 1 0.16 0.09 -0.09 0.01
xx\positive\667 1 0.02 -0.02 -0.07 0.03
xx\positive\668 1 -0.11 -0.20 0.01 0.09
xx\positive\669 1 0.15 -0.06 0.05 -0.03
xx\positive\670 1 0.00 -0.00 -0.12 0.00
xx\positive\671 1 0.05 -0.03 -0.07 -0.02
xx\positive\672 1 -0.11 -0.07 -0.08 0.15
xx\positive\673 1 0.09 0.01 0.02 0.33
xx\positive\674 1 0.02 -0.14 -0.16 -0.08
xx\positive\675 1 -0.02 -0.17 -0.18 -0.08
xx\positive\676 1 0.08 -0.17 0.14 0.06
xx\positive\677 1 0.07 0.00 -0.20 -0.03
xx\positive\678 1 0.05 0.05 -0.16 0.13
xx\positive\679 1 -0.02 0.00 -0.20 -0.05
xx\positive\680 1 0.15 0.00 0.09 0.09
xx\positive\681 1 -0.05 -0.02 -0.17 -0.01
xx\positive\682 1 0.14 -0.06 -0.01 -0.06
xx\positive\683 1 0.04 -0.02 -0.26 0.04
xx\positive\684 1 0.19 0.12 0.02 0.02
xx\positive\685 1 -0.03 -0.01 0.16 0.28
xx\positive\686 1 0.02 -0.06 0.10 0.11
xx\positive\687 1 -0.02 -0.10 0.10 0.26
xx\positive\688 1 0.00 -0.23 -0.00 -0.02
xx\positive\689 1 0.17 0.05 -0.09 -0.05
xx\positive\690 1 0.06 -0.00 -0.20 0.09
xx\positive\691 1 0.05 -0.06 -0.20 0.05
xx\positive\692 1 -0.01 -0.01 -0.13 0.17
xx\positive\693 1 0.00 -0.10 -0.23 -0.03
xx\positive\694 1 0.10 -0.08 -0.10 -0.07
xx\positive\695 1 0.10 -0.07 -0.06 -0.01
xx\positive\696 1 -0.04 -0.17 -0.09 0.04
xx\positive\697 1 -0.05 -0.07 -0.18 0.14
xx\positive\698 1 0.03 -0.00 -0.20 0.07
xx\positive\699 1 0.14 -0.04 0.02 0.16
xx\positive\700 1 -0.05 0.06 -0.18 0.16
xx\positive\701 1 0.18 0.04 0.06 0.17
xx\positive\702 1 -0.00 -0.07 -0.19 -0.03
xx\positive\703 1 0.03 -0.06 0.02 0.21
xx\positive\704 1 -0.12 -0.06 -0.19 0.08
xx\positive\705 1 0.01 0.12 -0.14 0.17
xx\positive\706 1 -0.03 -0.01 -0.14 0.07
xx\positive\707 1 0.13 0.01 -0.09 -0.04
xx\positive\708 1 0.17 -0.01 0.14 0.07
xx\positive\709 1 -0.05 0.10 -0.00 0.27
xx\positive\710 1 0.02 0.07 -0.02 0.15
xx\positive\711 1 -0.04 0.11 -0.10 0.17
xx\positive\712 1 0.07 0.12 0.01 0.24
xx\positive\713 1 -0.11 0.02 -0.05 0.29
xx\positive\714 1 0.04 -0.11 -0.18 -0.06
xx\positive\715 1 0.00 -0.06 0.08 0.31
xx\positive\716 1 -0.07 -0.02 -0.14 0.16
xx\positive\717 1 0.11 -0.06 0.07 0.17
xx\positive\718 1 0.15 0.11 0.00 0.03
xx\positive\719 1 0.06 -0.04 0.18 0.18
xx\positive\720 1 0.20 0.00 -0.01 0.18
xx\positive\721 1 0.07 -0.10 -0.04 0.22
xx\positive\722 1 0.05 -0.06 0.01 0.35
xx\positive\723 1 0.08 -0.19 0.02 0.20
xx\positive\724 1 0.09 0.09 -0.11 0.15
xx\positive\725 1 0.01 0.07 -0.19 0.11
xx\positive\726 1 -0.01 -0.08 -0.22 0.04
xx\positive\727 1 0.14 0.01 -0.13 0.01
xx\positive\728 1 -0.06 -0.02 -0.24 0.05
xx\positive\729 1 0.16 0.02 -0.11 -0.01
xx\positive\730 1 0.07 0.00 -0.18 0.04
xx\positive\731 1 0.12 0.01 -0.21 0.03
xx\positive\732 1 -0.06 -0.19 -0.10 0.09
xx\positive\733 1 0.01 -0.11 0.07 0.31
xx\positive\734 1 0.10 -0.07 -0.10 0.13
xx\positive\735 1 0.06 0.02 -0.10 0.15
xx\positive\736 1 -0.03 0.02 -0.13 0.23
xx\positive\737 1 0.19 0.03 -0.05 0.13
xx\positive\738 1 0.18 -0.09 -0.01 0.07
xx\positive\739 1 0.06 -0.06 0.02 0.00
xx\positive\740 1 0.04 -0.10 -0.07 -0.11
xx\positive\741 1 0.02 0.12 0.05 0.26
xx\positive\742 1 -0.09 -0.26 -0.06 -0.05
xx\positive\743 1 0.06 0.10 -0.06 0.22
xx\positive\744 1 0.19 -0.02 -0.02 0.15
xx\positive\745 1 -0.03 0.10 -0.08 0.15
xx\positive\746 1 -0.02 -0.05 0.09 0.09
xx\positive\747 1 0.16 -0.07 0.11 0.10
xx\positive\748 1 0.02 0.07 -0.07 0.24
xx\positive\749 1 -0.08 0.00 -0.15 0.19
xx\positive\750 1 -0.02 -0.08 0.00 0.23
xx\positive\751 1 0.02 -0.10 0.12 0.20
xx\positive\752 1 -0.05 -0.03 -0.09 0.10
xx\positive\753 1 -0.05 0.05 0.00 0.21
xx\positive\754 1 0.12 0.00 -0.07 -0.02
xx\positive\755 1 0.14 0.04 -0.18 0.00
xx\positive\756 1 0.16 0.02 0.00 0.05
xx\positive\757 1 0.19 0.10 0.00 0.10
xx\positive\758 1 0.03 -0.08 -0.01 0.22
xx\positive\759 1 -0.02 0.02 -0.17 0.13
xx\positive\760 1 0.15 0.02 0.01 0.13
xx\positive\761 1 -0.01 -0.02 -0.13 0.12
xx\positive\762 1 0.14 0.00 -0.09 -0.09
xx\positive\763 1 0.02 0.16 -0.05 0.12
xx\positive\764 1 0.04 -0.18 0.09 -0.10
xx\positive\765 1 0.18 -0.01 0.04 -0.11
xx\positive\766 1 0.12 -0.11 0.08 -0.11
xx\positive\767 1 0.10 0.07 -0.09 -0.03
xx\positive\768 1 0.03 -0.13 -0.10 0.07
xx\positive\769 1 0.09 0.07 -0.10 0.00
xx\positive\770 1 0.07 -0.01 -0.12 -0.08
xx\positive\771 1 0.05 0.12 -0.12 0.07
xx\positive\772 1 0.00 0.05 -0.17 0.00
xx\positive\773 1 0.02 -0.04 -0.17 -0.12
xx\positive\774 1 -0.01 0.03 -0.20 -0.05
xx\positive\775 1 0.19 -0.06 0.12 0.08
xx\positive\776 1 0.09 0.02 -0.17 -0.03
xx\positive\777 1 0.08 0.04 0.07 0.26
xx\positive\778 1 -0.01 -0.15 -0.09 0.09
xx\positive\779 1 0.10 0.05 -0.12 0.10
xx\positive\780 1 0.14 0.01 -0.02 0.07
xx\positive\781 1 0.22 0.08 0.05 -0.06
xx\positive\782 1 -0.06 -0.07 -0.22 -0.00
xx\positive\783 1 0.04 -0.02 0.20 0.23
xx\positive\784 1 -0.07 -0.02 -0.03 0.10
xx\positive\785 1 0.21 0.03 0.02 -0.10
xx\positive\786 1 0.11 -0.06 -0.01 -0.13
xx\positive\787 1 0.00 -0.04 -0.01 -0.00
xx\positive\788 1 -0.03 0.04 -0.08 0.09
xx\positive\789 1 0.11 0.11 -0.11 -0.02
xx\positive\790 1 0.03 0.05 -0.15 -0.04
xx\positive\791 1 -0.05 -0.10 -0.13 -0.07
xx\positive\792 1 0.08 -0.07 -0.11 -0.08
xx\positive\793 1 0.02 0.05 -0.06 0.18
xx\positive\794 1 -0.00 -0.03 -0.22 -0.08
xx\positive\795 1 0.10 -0.27 -0.02 -0.01
xx\positive\796 1 0.15 -0.07 0.04 0.18
xx\positive\797 1 0.04 -0.07 -0.09 0.10
xx\positive\798 1 -0.04 -0.18 -0.01 -0.10
xx\positive\799 1 0.03 -0.05 -0.14 -0.18
xx\positive\800 1 -0.12 0.07 -0.01 0.22
xx\positive\801 1 0.13 -0.08 0.19 0.01
xx\positive\802 1 -0.04 -0.08 -0.05 -0.05
xx\positive\803 1 0.11 0.03 -0.07 0.28
xx\positive\804 1 0.19 -0.12 0.01 0.06
xx\positive\805 1 0.11 0.08 -0.09 0.00
xx\positive\806 1 0.14 0.03 -0.11 0.04
xx\positive\807 1 0.22 -0.01 -0.01 0.03
xx\positive\808 1 0.08 0.04 0.17 0.11
xx\positive\809 1 0.04 0.03 0.18 0.13
xx\positive\810 1 0.05 -0.05 -0.13 -0.05
xx\positive\811 1 0.03 -0.01 0.01 0.18
xx\positive\812 1 0.15 0.08 -0.11 -0.02
xx\positive\813 1 -0.03 -0.23 -0.10 0.06
xx\positive\814 1 0.02 -0.02 -0.26 -0.09
xx\positive\815 1 0.14 -0.25 0.06 -0.01
xx\positive\816 1 0.04 -0.07 -0.19 -0.08
xx\positive\817 1 0.08 -0.06 0.09 0.25
xx\positive\818 1 0.05 0.07 0.02 0.19
xx\positive\819 1 0.15 0.07 -0.14 -0.02
xx\positive\820 1 0.10 -0.04 -0.12 -0.07
xx\positive\821 1 0.09 0.03 -0.15 -0.03
xx\positive\822 1 0.02 -0.14 -0.05 0.01
xx\positive\823 1 0.18 0.07 -0.06 0.01
xx\positive\824 1 0.12 0.05 0.05 0.09
xx\positive\825 1 -0.02 -0.07 -0.09 -0.02
xx\positive\826 1 0.03 -0.00 0.03 0.13
xx\positive\827 1 0.02 -0.06 -0.12 -0.12
xx\positive\828 1 0.05 0.02 -0.17 -0.13
xx\positive\829 1 0.11 -0.00 -0.09 -0.13
xx\positive\830 1 -0.01 -0.05 0.02 0.14
xx\positive\831 1 0.12 -0.09 0.09 0.02
xx\positive\832 1 0.05 -0.03 -0.00 0.37
xx\positive\833 1 0.16 -0.01 -0.02 0.20
xx\positive\834 1 -0.01 -0.13 -0.05 0.21
xx\positive\835 1 0.02 -0.10 -0.07 0.18
xx\positive\836 1 0.06 0.01 -0.13 -0.05
xx\positive\837 1 0.06 0.05 -0.14 -0.02
xx\positive\838 1 0.02 -0.04 0.06 0.27
xx\positive\839 1 0.04 -0.17 0.02 -0.01
xx\positive\840 1 -0.03 -0.05 -0.19 -0.06
xx\positive\841 1 -0.11 -0.07 0.01 0.30
xx\positive\842 1 0.20 -0.03 0.07 -0.10
xx\positive\843 1 -0.04 -0.00 -0.11 -0.01
xx\positive\844 1 0.20 0.11 -0.02 -0.05
xx\positive\845 1 0.11 0.08 -0.06 -0.03
xx\positive\846 1 -0.08 0.04 0.01 0.13
xx\positive\847 1 0.13 -0.07 0.05 -0.15
xx\positive\848 1 -0.13 -0.06 -0.01 0.05
xx\positive\849 1 0.02 0.00 -0.08 0.12
xx\positive\850 1 0.08 -0.03 -0.01 0.12
xx\positive\851 1 0.01 0.01 -0.06 -0.04
xx\positive\852 1 -0.10 -0.12 -0.01 0.00
xx\positive\853 1 0.02 -0.14 -0.06 -0.08
xx\positive\854 1 -0.05 -0.25 0.10 0.07
xx\positive\855 1 0.04 0.08 -0.02 0.16
xx\positive\856 1 -0.12 -0.10 -0.17 0.00
xx\positive\857 1 0.02 0.00 -0.14 0.11
xx\positive\858 1 -0.03 -0.21 -0.08 0.05
xx\positive\859 1 0.24 -0.03 -0.07 -0.03
xx\positive\860 1 0.00 -0.23 -0.17 -0.06
xx\positive\861 1 -0.09 -0.06 -0.09 0.12
xx\positive\862 1 -0.05 -0.09 -0.09 0.05
xx\positive\863 1 0.11 -0.05 -0.03 0.04
xx\positive\864 1 0.00 -0.02 -0.03 -0.26
xx\positive\865 1 0.00 0.15 0.11 0.02
xx\positive\866 1 0.03 -0.04 -0.24 -0.04
xx\positive\867 1 0.02 -0.07 -0.11 0.13
xx\positive\868 1 -0.00 -0.03 -0.15 0.15
xx\positive\869 1 0.02 0.10 -0.14 -0.06
xx\positive\870 1 -0.03 -0.04 -0.07 -0.06
xx\positive\871 1 -0.06 -0.10 -0.01 -0.05
xx\positive\872 1 0.02 -0.04 -0.09 -0.10
xx\positive\873 1 -0.11 -0.12 -0.16 -0.03
xx\positive\874 1 0.03 0.09 -0.05 0.11
xx\positive\875 1 0.14 0.07 0.05 0.07
xx\positive\876 1 0.16 0.07 -0.08 0.09
xx\positive\877 1 0.07 -0.06 -0.02 0.02
xx\positive\878 1 -0.04 -0.13 0.07 0.19
xx\positive\879 1 -0.07 0.02 -0.07 0.18
xx\positive\880 1 0.10 -0.02 -0.16 -0.10
xx\positive\881 1 0.06 -0.09 -0.14 -0.07
xx\positive\882 1 0.14 -0.01 -0.01 0.07
xx\positive\883 1 -0.02 -0.12 0.16 0.18
xx\positive\884 1 -0.10 -0.06 -0.18 0.01
xx\positive\885 1 0.18 -0.05 0.09 -0.03
xx\positive\886 1 0.10 -0.03 0.04 0.01
xx\positive\887 1 0.14 0.07 -0.02 -0.13
xx\positive\888 1 -0.17 0.06 -0.19 -0.01
xx\positive\889 1 0.09 0.08 0.02 0.14
xx\positive\890 1 -0.16 -0.05 -0.04 0.21
xx\positive\891 1 0.17 0.03 0.05 0.02
xx\positive\892 1 -0.13 -0.05 -0.04 0.18
xx\positive\893 1 0.13 0.11 -0.07 0.11
xx\positive\894 1 0.10 0.15 -0.12 0.01
xx\positive\895 1 0.02 0.05 -0.11 0.02
xx\positive\896 1 -0.16 -0.07 -0.15 -0.06
xx\positive\897 1 0.14 -0.03 -0.02 -0.17
xx\positive\898 1 0.01 0.11 -0.04 0.06
xx\positive\899 1 0.19 -0.11 0.07 -0.07
xx\positive\900 1 0.04 0.05 -0.17 0.04
xx\positive\901 1 0.22 0.01 0.03 0.09
xx\positive\902 1 0.26 0.07 0.03 0.03
xx\positive\903 1 0.08 -0.17 0.10 0.11
xx\positive\904 1 0.03 0.01 -0.12 0.07
xx\positive\905 1 0.14 -0.29 -0.03 -0.04
xx\positive\906 1 0.12 -0.02 0.10 0.23
xx\positive\907 1 0.18 -0.10 0.00 -0.04
xx\positive\908 1 0.02 0.06 -0.12 0.16
xx\positive\909 1 0.06 -0.01 -0.21 0.01
xx\positive\910 1 0.16 -0.10 0.05 0.16
xx\positive\911 1 -0.05 0.07 -0.10 0.15
xx\positive\912 1 -0.03 0.01 -0.08 0.09
xx\positive\913 1 0.16 0.08 -0.04 -0.02
xx\positive\914 1 -0.03 0.10 -0.01 0.26
xx\positive\915 1 -0.01 -0.17 -0.05 -0.09
xx\positive\916 1 0.05 0.13 -0.16 0.06
xx\positive\917 1 -0.01 -0.04 -0.17 -0.04
xx\positive\918 1 0.03 0.07 -0.12 0.25
xx\positive\919 1 0.16 0.05 0.06 -0.09
xx\positive\920 1 0.12 -0.01 0.21 0.03
xx\positive\921 1 0.03 0.05 0.07 0.10
xx\positive\922 1 -0.03 0.06 -0.06 0.04
xx\positive\923 1 -0.09 0.07 -0.07 0.10
xx\positive\924 1 -0.07 -0.09 0.06 0.02
xx\positive\925 1 -0.03 -0.09 0.16 0.13
xx\positive\926 1 0.04 0.00 0.12 0.32
xx\positive\927 1 -0.07 -0.07 0.00 0.24
xx\positive\928 1 0.17 -0.01 0.10 0.12
xx\positive\929 1 -0.12 0.03 -0.03 0.12
xx\positive\930 1 0.02 0.07 -0.09 -0.10
xx\positive\931 1 0.04 0.06 0.12 0.13
xx\positive\932 1 -0.05 0.12 -0.02 0.05
xx\positive\933 1 -0.04 -0.07 0.02 -0.13
xx\positive\934 1 0.09 0.09 0.05 0.10
xx\positive\935 1 -0.05 0.02 0.02 0.04
xx\positive\936 1 -0.08 -0.09 0.01 -0.05
xx\positive\937 1 -0.04 -0.06 0.17 0.11
xx\positive\938 1 -0.04 0.01 0.01 0.01
xx\positive\939 1 -0.03 0.11 -0.05 0.04
xx\positive\940 1 -0.03 0.01 -0.05 -0.22
xx\positive\941 1 0.05 0.03 0.03 -0.19
xx\positive\942 1 0.02 -0.04 0.11 -0.17
xx\positive\943 1 -0.13 0.02 0.08 -0.02
xx\positive\944 1 -0.02 0.03 -0.04 -0.19
xx\positive\945 1 0.02 -0.03 0.06 0.09
xx\positive\946 1 0.02 -0.05 0.19 0.07
xx\positive\947 1 0.02 -0.03 0.01 0.04
xx\positive\948 1 0.05 -0.06 0.18 0.04
xx\positive\949 1 -0.11 -0.06 0.07 -0.01
xx\positive\950 1 0.05 -0.01 0.16 -0.02
xx\positive\951 1 -0.14 -0.17 0.15 -0.03
xx\positive\952 1 0.06 0.19 0.04 0.09
xx\positive\953 1 0.10 0.02 -0.02 -0.09
xx\positive\954 1 -0.10 -0.07 0.02 0.06
xx\positive\955 1 -0.02 0.09 -0.01 0.12
xx\positive\956 1 -0.03 -0.04 -0.11 0.13
xx\positive\957 1 -0.09 -0.28 0.01 0.13
xx\positive\958 1 0.21 0.09 -0.00 0.06
xx\positive\959 1 0.06 0.02 0.05 0.25
xx\positive\960 1 -0.00 -0.03 -0.13 0.06
xx\positive\961 1 -0.00 -0.06 -0.17 -0.02
xx\positive\962 1 0.06 0.03 -0.02 0.26
xx\positive\963 1 0.06 0.01 -0.01 0.29
xx\positive\964 1 -0.05 -0.09 -0.11 0.18
xx\positive\965 1 -0.07 -0.03 -0.10 0.30
xx\positive\966 1 0.13 -0.04 -0.04 -0.04
xx\positive\967 1 -0.09 -0.09 -0.16 0.12
xx\positive\968 1 0.14 -0.20 -0.01 0.14
xx\positive\969 1 0.08 0.01 0.10 0.30
xx\positive\970 1 0.07 -0.04 0.06 0.22
xx\positive\971 1 -0.00 -0.02 -0.02 0.21
xx\positive\972 1 0.08 0.06 -0.04 0.25
xx\positive\973 1 -0.02 -0.13 -0.11 0.11
xx\positive\974 1 0.07 -0.08 -0.02 0.06
xx\positive\975 1 -0.02 -0.07 -0.13 0.04
xx\positive\976 1 -0.04 -0.05 -0.11 0.24
xx\positive\977 1 0.05 -0.15 -0.10 0.04
xx\positive\978 1 -0.05 -0.03 -0.01 0.17
xx\positive\979 1 0.04 0.03 -0.16 -0.04
xx\positive\980 1 0.08 -0.00 -0.09 -0.04
xx\positive\981 1 0.11 -0.09 0.05 -0.07
xx\positive\982 1 0.09 -0.02 -0.08 -0.12
xx\positive\983 1 -0.03 -0.14 -0.25 -0.02
xx\positive\984 1 0.02 0.02 -0.08 0.04
xx\positive\985 1 0.02 -0.25 -0.07 -0.09
xx\positive\986 1 0.18 0.10 -0.02 0.12
xx\positive\987 1 0.02 -0.04 -0.08 -0.11
xx\positive\988 1 0.13 -0.11 0.16 -0.06
xx\positive\989 1 0.15 -0.04 0.10 -0.06
xx\positive\990 1 -0.05 0.00 0.08 0.30
xx\positive\991 1 -0.12 -0.08 -0.14 0.05
xx\positive\992 1 0.09 -0.02 0.06 0.15
xx\positive\993 1 -0.07 -0.02 -0.11 0.15
xx\positive\994 1 0.02 -0.04 -0.10 0.04
xx\positive\995 1 0.07 -0.01 -0.04 0.35
xx\positive\996 1 0.05 -0.11 -0.13 -0.03
xx\positive\997 1 -0.08 0.00 -0.01 0.10
xx\positive\998 1 0.07 0.00 -0.03 -0.08
xx\positive\999 1 0.08 -0.05 0.09 -0.01
xx\positive\1000 1 0.11 0.17 -0.05 0.03
xx\positive\1001 1 0.13 -0.03 -0.19 0.05
xx\positive\1002 1 -0.10 -0.02 0.00 0.17
xx\positive\1003 1 -0.18 -0.02 -0.16 0.09
xx\positive\1004 1 0.08 -0.14 0.00 -0.14
xx\positive\1005 1 -0.05 -0.05 0.05 0.15
xx\positive\1006 1 -0.18 -0.10 -0.03 0.15
xx\positive\1007 1 0.13 0.03 -0.08 0.15
xx\positive\1008 1 0.14 -0.04 0.12 0.02
xx\positive\1009 1 0.04 0.10 -0.13 0.03
xx\positive\1010 1 0.04 -0.16 -0.04 -0.10
xx\positive\1011 1 0.25 0.05 0.03 -0.02
xx\positive\1012 1 0.00 0.03 -0.01 0.41
xx\positive\1013 1 0.09 -0.18 -0.11 -0.03
xx\positive\1014 1 -0.03 0.04 -0.24 -0.03
xx\positive\1015 1 -0.02 -0.02 -0.05 0.27
xx\positive\1016 1 0.05 0.05 -0.11 0.17
xx\positive\1017 1 0.05 -0.02 -0.09 0.13
xx\positive\1018 1 0.00 -0.09 -0.07 0.01
xx\positive\1019 1 -0.02 -0.16 -0.09 -0.05
xx\positive\1020 1 0.13 0.07 -0.11 -0.03
xx\positive\1021 1 0.03 -0.08 -0.12 -0.03
xx\positive\1022 1 0.13 0.09 -0.13 0.02
xx\positive\1023 1 -0.05 -0.19 0.08 -0.13
xx\positive\1024 1 0.01 -0.09 0.05 0.05
xx\positive\1025 1 0.02 -0.11 0.06 0.24
xx\positive\1026 1 0.13 -0.13 0.01 0.00
xx\positive\1027 1 0.20 0.07 -0.07 0.02
xx\positive\1028 1 0.03 0.04 -0.25 -0.03
xx\positive\1029 1 -0.01 -0.08 -0.14 -0.02
xx\positive\1030 1 -0.08 -0.06 -0.14 0.09
xx\positive\1031 1 0.16 0.10 -0.08 0.06
xx\positive\1032 1 0.05 -0.07 0.04 0.20
xx\positive\1033 1 0.08 0.05 -0.06 0.20
xx\positive\1034 1 0.03 -0.08 -0.10 0.27
xx\positive\1035 1 0.06 0.09 -0.02 0.31
xx\positive\1036 1 0.16 -0.01 0.07 0.18
xx\positive\1037 1 0.16 -0.05 -0.04 -0.00
xx\positive\1038 1 0.10 0.06 -0.06 0.12
xx\positive\1039 1 0.02 0.04 0.03 0.31
xx\positive\1040 1 -0.06 0.02 -0.07 0.27
xx\positive\1041 1 -0.08 0.03 -0.19 0.14
xx\positive\1042 1 -0.00 -0.06 -0.21 -0.07
xx\positive\1043 1 -0.02 0.06 -0.18 0.11
xx\positive\1044 1 -0.08 -0.25 -0.06 -0.06
xx\positive\1045 1 0.16 0.04 -0.10 -0.01
xx\positive\1046 1 0.16 0.06 -0.12 0.00
xx\positive\1047 1 0.03 -0.02 -0.01 0.24
xx\positive\1048 1 0.04 0.07 -0.23 0.04
xx\positive\1049 1 0.13 -0.06 -0.12 -0.05
xx\positive\1050 1 -0.02 0.08 -0.26 -0.02
xx\positive\1051 1 0.05 -0.00 -0.11 0.25
xx\positive\1052 1 0.11 -0.05 -0.19 -0.00
xx\positive\1053 1 -0.04 0.03 -0.04 0.18
xx\positive\1054 1 -0.05 -0.10 -0.10 -0.03
xx\positive\1055 1 0.02 -0.18 -0.10 0.07
xx\positive\1056 1 0.11 0.06 -0.13 -0.02
xx\positive\1057 1 0.13 0.05 -0.13 -0.06
xx\positive\1058 1 0.06 -0.04 -0.06 0.14
xx\positive\1059 1 0.06 -0.15 -0.10 -0.01
xx\positive\1060 1 -0.07 -0.04 -0.26 0.06
xx\positive\1061 1 0.20 -0.16 0.01 -0.07
xx\positive\1062 1 0.03 -0.02 -0.01 0.20
xx\positive\1063 1 -0.04 0.03 -0.18 0.10
xx\positive\1064 1 0.20 -0.06 -0.01 0.01
xx\positive\1065 1 -0.04 -0.05 -0.26 0.07
xx\positive\1066 1 -0.04 -0.06 -0.23 0.04
xx\positive\1067 1 -0.00 -0.05 -0.18 0.05
xx\positive\1068 1 0.22 0.09 -0.03 -0.01
xx\positive\1069 1 0.15 0.09 -0.11 -0.01
xx\positive\1070 1 0.17 -0.12 0.00 -0.12
xx\positive\1071 1 -0.07 -0.03 -0.14 0.25
xx\positive\1072 1 0.02 -0.24 -0.02 0.07
xx\positive\1073 1 0.10 0.03 -0.02 0.24
xx\positive\1074 1 0.17 -0.05 -0.04 0.04
xx\positive\1075 1 0.24 -0.04 -0.03 -0.01
xx\positive\1076 1 0.01 -0.17 -0.10 0.16
xx\positive\1077 1 -0.04 -0.04 -0.22 0.12
xx\positive\1078 1 -0.03 -0.10 -0.20 0.09
xx\positive\1079 1 0.04 -0.29 0.04 -0.07
xx\positive\1080 1 -0.01 0.03 -0.09 0.37
xx\positive\1081 1 -0.05 -0.08 -0.21 0.02
xx\positive\1082 1 0.14 -0.06 -0.08 -0.01
xx\positive\1083 1 0.10 -0.00 -0.13 0.02
xx\positive\1084 1 0.03 0.01 -0.02 0.37
xx\positive\1085 1 -0.01 -0.05 -0.28 0.01
xx\positive\1086 1 0.12 -0.15 0.02 0.15
xx\positive\1087 1 0.18 -0.14 0.04 0.10
xx\positive\1088 1 -0.04 -0.08 -0.20 -0.01
xx\positive\1089 1 0.01 -0.13 -0.17 -0.08
xx\positive\1090 1 0.02 -0.13 -0.03 0.11
xx\positive\1091 1 0.11 -0.06 0.00 0.21
xx\positive\1092 1 -0.03 -0.12 -0.13 0.22
xx\positive\1093 1 -0.01 -0.02 -0.09 0.35
xx\positive\1094 1 0.08 0.03 -0.05 0.04
xx\positive\1095 1 0.24 0.04 0.07 0.02
xx\positive\1096 1 0.15 0.01 0.03 0.22
xx\positive\1097 1 0.15 -0.02 -0.11 -0.01
xx\positive\1098 1 0.21 -0.02 0.02 0.01
xx\positive\1099 1 -0.04 -0.05 -0.09 0.15
xx\positive\1100 1 0.19 0.09 0.03 0.01
xx\positive\1101 1 0.05 0.02 0.01 0.13
xx\positive\1102 1 -0.05 -0.04 -0.02 0.14
xx\positive\1103 1 -0.07 -0.01 -0.09 0.11
xx\positive\1104 1 0.13 -0.08 -0.10 -0.09
xx\positive\1105 1 -0.09 0.05 -0.22 0.06
xx\positive\1106 1 0.03 0.03 0.00 0.15
xx\positive\1107 1 0.02 0.03 -0.20 -0.07
xx\positive\1108 1 0.17 -0.01 -0.08 -0.08
xx\positive\1109 1 0.06 0.11 -0.20 0.04
xx\positive\1110 1 0.13 0.04 -0.00 0.28
xx\positive\1111 1 0.06 0.05 -0.04 0.33
xx\positive\1112 1 0.01 -0.02 -0.12 0.21
xx\positive\1113 1 0.09 -0.01 -0.08 0.06
xx\positive\1114 1 0.07 0.09 -0.08 0.18
xx\positive\1115 1 0.03 0.11 -0.12 0.20
xx\positive\1116 1 0.20 -0.07 0.01 -0.03
xx\positive\1117 1 -0.02 -0.16 0.03 0.20
xx\positive\1118 1 -0.04 0.02 -0.13 0.15
xx\positive\1119 1 0.08 0.06 -0.13 0.03
xx\positive\1120 1 0.20 0.04 -0.03 -0.01
xx\positive\1121 1 -0.01 -0.12 -0.15 0.11
xx\positive\1122 1 -0.10 -0.09 -0.09 0.21
xx\positive\1123 1 0.14 0.03 0.01 0.11
xx\positive\1124 1 0.02 -0.01 -0.07 0.12
xx\positive\1125 1 0.10 -0.01 -0.08 0.01
xx\positive\1126 1 -0.10 -0.16 -0.03 0.17
xx\positive\1127 1 0.17 -0.09 -0.02 -0.09
xx\positive\1128 1 0.12 -0.03 -0.07 -0.03
xx\positive\1129 1 -0.01 0.03 -0.27 0.06
xx\positive\1130 1 0.06 0.06 0.07 0.23
xx\positive\1131 1 -0.04 -0.07 -0.16 -0.05
xx\positive\1132 1 -0.01 -0.26 0.01 -0.11
xx\positive\1133 1 -0.08 -0.03 -0.17 -0.01
xx\positive\1134 1 0.12 -0.14 0.07 -0.09
xx\positive\1135 1 0.03 0.01 -0.15 -0.09
xx\positive\1136 1 -0.04 0.05 -0.18 -0.00
xx\positive\1137 1 0.20 0.08 -0.02 -0.09
xx\positive\1138 1 0.02 -0.12 -0.04 -0.16
xx\positive\1139 1 0.21 0.08 0.10 -0.01
xx\positive\1140 1 0.05 -0.27 0.01 -0.09
xx\positive\1141 1 0.06 0.08 -0.20 -0.01
xx\positive\1142 1 0.18 -0.06 -0.06 -0.04
xx\positive\1143 1 0.10 -0.14 0.06 0.19
xx\positive\1144 1 0.11 -0.07 -0.04 0.11
xx\positive\1145 1 -0.14 -0.18 0.05 0.11
xx\positive\1146 1 -0.11 -0.01 0.07 0.28
xx\positive\1147 1 -0.05 -0.01 -0.04 0.10
xx\positive\1148 1 0.00 -0.06 -0.16 0.03
xx\positive\1149 1 0.18 0.01 0.00 0.09
xx\positive\1150 1 0.07 -0.20 -0.10 0.07
xx\positive\1151 1 0.09 0.00 0.00 0.14
xx\positive\1152 1 0.10 -0.05 -0.10 -0.01
xx\positive\1153 1 -0.03 0.18 -0.08 -0.03
xx\positive\1154 1 0.11 0.02 0.02 -0.22
xx\positive\1155 1 -0.15 0.12 0.05 -0.09
xx\positive\1156 1 -0.05 0.04 0.07 -0.12
xx\positive\1157 1 0.02 -0.04 -0.05 0.02
xx\positive\1158 1 0.12 0.05 -0.08 -0.04
xx\positive\1159 1 -0.01 -0.21 -0.09 -0.12
xx\positive\1160 1 0.01 -0.29 0.13 0.03
xx\positive\1161 1 0.13 -0.09 -0.06 -0.13
xx\positive\1162 1 0.13 0.01 -0.16 -0.04
xx\positive\1163 1 0.03 0.09 -0.17 0.05
xx\positive\1164 1 0.01 -0.09 -0.06 0.02
xx\positive\1165 1 0.10 0.06 -0.10 0.02
xx\positive\1166 1 -0.01 0.16 0.03 -0.17
xx\positive\1167 1 0.17 -0.09 0.04 0.08
xx\positive\1168 1 -0.07 -0.12 -0.16 -0.05
xx\positive\1169 1 0.01 -0.11 -0.13 -0.11
xx\positive\1170 1 0.06 0.12 -0.18 0.01
xx\positive\1171 1 0.13 -0.05 -0.05 0.06
xx\positive\1172 1 0.06 -0.08 -0.01 0.17
xx\positive\1173 1 0.05 -0.01 -0.08 0.09
xx\positive\1174 1 -0.01 0.05 -0.18 0.11
xx\positive\1175 1 0.16 0.06 -0.07 0.05
xx\positive\1176 1 -0.02 -0.17 -0.09 -0.03
xx\positive\1177 1 -0.02 -0.06 -0.03 0.16
xx\positive\1178 1 0.12 0.03 -0.08 0.02
xx\positive\1179 1 0.03 0.05 -0.11 0.12
xx\positive\1180 1 -0.07 -0.01 0.08 0.31
xx\positive\1181 1 0.07 -0.02 -0.13 -0.16
xx\positive\1182 1 -0.02 0.15 -0.03 0.24
xx\positive\1183 1 0.02 0.08 0.02 0.34
xx\positive\1184 1 -0.02 0.03 -0.12 0.22
xx\positive\1185 1 0.05 -0.11 0.00 0.05
xx\positive\1186 1 0.06 0.05 -0.16 0.00
xx\positive\1187 1 -0.00 0.09 -0.23 0.02
xx\positive\1188 1 -0.08 -0.05 -0.19 -0.01
xx\positive\1189 1 -0.06 -0.14 -0.11 -0.04
xx\positive\1190 1 0.01 0.10 -0.19 0.05
xx\positive\1191 1 -0.04 0.06 -0.07 0.19
xx\positive\1192 1 -0.06 0.07 -0.11 0.16
xx\positive\1193 1 0.19 -0.12 -0.08 -0.03
xx\positive\1194 1 -0.10 -0.06 -0.10 0.21
xx\positive\1195 1 -0.05 -0.16 0.00 0.07
xx\positive\1196 1 0.00 -0.05 -0.21 -0.00
xx\positive\1197 1 0.18 0.02 0.04 0.18
xx\positive\1198 1 0.17 -0.12 0.06 0.08
xx\positive\1199 1 0.22 -0.06 0.05 0.03
xx\positive\1200 1 0.02 0.03 -0.10 0.19
xx\positive\1201 1 0.13 0.06 -0.05 0.13
xx\positive\1202 1 -0.11 0.13 -0.04 0.07
xx\positive\1203 1 0.08 0.12 0.03 0.11
xx\positive\1204 1 -0.03 -0.15 0.01 0.07
xx\positive\1205 1 -0.05 -0.28 -0.10 -0.03
xx\positive\1206 1 -0.00 -0.03 -0.00 0.43
xx\positive\1207 1 0.08 -0.01 -0.18 -0.11
xx\positive\1208 1 0.04 -0.01 -0.15 -0.02
xx\positive\1209 1 0.11 -0.04 -0.15 -0.04
xx\positive\1210 1 0.08 -0.06 -0.23 0.03
xx\positive\1211 1 0.18 -0.15 -0.02 -0.03
xx\positive\1212 1 0.04 0.05 -0.13 0.23
xx\positive\1213 1 0.06 0.03 -0.15 0.15
xx\positive\1214 1 0.00 -0.04 -0.25 0.11
xx\positive\1215 1 0.11 -0.19 -0.05 0.02
xx\positive\1216 1 0.06 -0.06 -0.10 0.19
xx\positive\1217 1 0.03 0.00 -0.20 0.08
xx\positive\1218 1 0.04 -0.10 -0.04 0.19
xx\positive\1219 1 0.06 -0.10 -0.02 0.19
xx\positive\1220 1 -0.10 -0.02 -0.14 0.18
xx\positive\1221 1 -0.11 -0.17 -0.02 0.21
xx\positive\1222 1 0.10 -0.02 -0.05 0.31
xx\positive\1223 1 -0.04 -0.13 -0.13 -0.09
xx\positive\1224 1 0.04 -0.11 0.11 0.11
xx\positive\1225 1 -0.02 -0.15 0.02 0.04
xx\positive\1226 1 -0.09 -0.11 -0.04 0.09
xx\positive\1227 1 0.07 -0.23 0.16 0.02
xx\positive\1228 1 -0.07 0.05 -0.09 0.23
xx\positive\1229 1 -0.09 -0.04 -0.07 0.19
xx\positive\1230 1 0.08 0.04 -0.14 -0.11
xx\positive\1231 1 0.12 0.00 0.19 0.16
xx\positive\1232 1 0.16 0.11 0.03 0.03
xx\positive\1233 1 0.07 -0.04 0.16 0.11
xx\positive\1234 1 0.12 -0.02 0.17 0.09
xx\positive\1235 1 0.20 0.07 -0.01 -0.08
xx\positive\1236 1 0.12 0.03 0.10 0.00
xx\positive\1237 1 0.11 0.05 0.04 0.11
xx\positive\1238 1 -0.11 -0.10 -0.16 -0.01
xx\positive\1239 1 0.06 -0.06 -0.13 0.09
xx\positive\1240 1 0.00 0.00 -0.03 0.38
xx\positive\1241 1 0.05 -0.05 -0.18 -0.03
