xx\part\0 -1 0.03 0.12 -0.23 0.03
xx\part\1 -1 0.19 -0.04 -0.17 -0.23
xx\part\2 -1 0.08 0.10 0.50 0.11
xx\part\3 -1 0.06 0.18 -0.04 -0.12
xx\part\4 -1 -0.01 0.21 -0.08 -0.25
xx\part\5 -1 -0.33 0.13 -0.06 -0.04
xx\part\6 -1 -0.18 0.03 -0.15 -0.22
xx\part\7 -1 0.12 -0.05 -0.17 -0.24
xx\part\8 -1 -0.15 -0.30 -0.17 -0.04
xx\part\9 -1 0.27 0.18 -0.13 0.01
xx\part\10 -1 0.10 0.18 -0.14 0.15
xx\part\11 -1 0.14 0.09 0.11 0.16
xx\part\12 -1 0.16 0.15 -0.31 -0.00
xx\part\13 -1 0.26 0.08 -0.11 -0.11
xx\part\14 -1 0.10 0.12 -0.07 0.18
xx\part\15 -1 0.18 -0.10 0.21 0.33
xx\part\16 -1 0.20 0.07 0.09 0.38
xx\part\17 -1 0.16 -0.21 -0.05 0.36
xx\part\18 -1 0.23 -0.13 -0.20 0.07
xx\part\19 -1 0.27 -0.19 -0.01 0.02
xx\part\20 -1 0.03 -0.07 -0.10 0.34
xx\part\21 -1 -0.07 -0.15 -0.11 0.35
xx\part\22 -1 0.28 -0.06 -0.03 0.11
xx\part\23 -1 0.00 -0.12 0.14 0.33
xx\part\24 -1 -0.20 -0.29 -0.10 0.10
xx\part\25 -1 -0.02 -0.33 0.13 -0.13
xx\part\26 -1 -0.26 -0.22 -0.11 0.21
xx\part\27 -1 -0.26 -0.53 -0.02 0.15
xx\part\28 -1 0.13 0.02 0.21 0.58
xx\part\29 -1 -0.17 -0.02 -0.12 0.46
xx\part\30 -1 0.18 0.17 -0.23 0.03
xx\part\31 -1 0.07 0.13 -0.27 0.24
xx\part\32 -1 -0.10 -0.07 -0.07 0.31
xx\part\33 -1 0.06 0.12 -0.26 0.32
xx\part\34 -1 -0.06 0.13 -0.23 0.23
xx\part\35 -1 0.10 -0.11 -0.28 -0.04
xx\part\36 -1 0.19 0.01 -0.08 -0.14
xx\part\37 -1 0.18 0.09 -0.25 -0.08
xx\part\38 -1 0.02 0.25 -0.34 0.08
xx\part\39 -1 0.23 0.10 0.05 0.32
xx\part\40 -1 -0.19 0.01 -0.15 0.36
xx\part\41 -1 0.24 -0.17 -0.08 -0.02
xx\part\42 -1 -0.09 -0.13 0.09 0.38
xx\part\43 -1 0.15 -0.31 0.08 0.03
xx\part\44 -1 0.10 -0.35 0.21 0.12
xx\part\45 -1 0.09 0.20 -0.22 0.16
xx\part\46 -1 0.18 -0.02 -0.09 -0.09
xx\part\47 -1 0.15 0.08 0.02 0.27
xx\part\48 -1 -0.19 -0.04 -0.04 0.38
xx\part\49 -1 0.09 0.07 0.27 0.35
xx\part\50 -1 0.27 -0.03 -0.14 -0.19
xx\part\51 -1 0.26 0.10 -0.02 0.08
xx\part\52 -1 0.28 0.08 -0.15 -0.08
xx\part\53 -1 0.20 0.05 -0.11 -0.06
xx\part\54 -1 0.16 -0.13 -0.15 -0.12
xx\part\55 -1 0.10 0.17 -0.09 -0.13
xx\part\56 -1 0.23 0.19 -0.11 0.01
xx\part\57 -1 0.25 0.10 -0.14 0.02
xx\part\58 -1 0.10 0.19 0.00 0.20
xx\part\59 -1 0.18 -0.09 0.02 0.57
xx\part\60 -1 0.30 0.07 -0.19 -0.06
xx\part\61 -1 0.31 0.11 -0.13 -0.04
xx\part\62 -1 0.10 0.19 -0.19 0.17
xx\part\63 -1 0.19 -0.06 -0.22 -0.16
xx\part\64 -1 0.11 0.02 0.19 0.19
xx\part\65 -1 0.11 -0.11 0.11 0.22
xx\part\66 -1 0.11 0.03 0.23 0.20
xx\part\67 -1 0.11 0.18 -0.11 0.12
xx\part\68 -1 0.17 0.23 -0.05 0.09
xx\part\69 -1 -0.12 -0.17 -0.07 0.15
xx\part\70 -1 0.07 -0.57 0.28 0.05
xx\part\71 -1 -0.06 -0.06 -0.22 0.26
xx\part\72 -1 0.25 0.20 -0.04 0.09
xx\part\73 -1 0.06 -0.08 -0.19 -0.24
xx\part\74 -1 0.16 0.02 -0.20 -0.05
xx\part\75 -1 -0.14 -0.58 -0.05 0.15
xx\part\76 -1 -0.15 -0.00 0.07 0.72
xx\part\77 -1 0.14 -0.17 0.21 0.43
xx\part\78 -1 -0.11 -0.77 0.02 0.10
xx\part\79 -1 -0.05 -0.10 -0.07 0.37
xx\part\80 -1 0.14 0.23 -0.18 0.10
xx\part\81 -1 0.34 0.11 -0.14 -0.09
xx\part\82 -1 0.15 0.02 -0.08 0.29
xx\part\83 -1 -0.09 -0.25 -0.24 -0.14
xx\part\84 -1 0.21 0.06 0.13 0.33
xx\part\85 -1 -0.04 -0.27 -0.15 -0.08
xx\part\86 -1 -0.07 -0.07 0.10 0.53
xx\part\87 -1 -0.03 0.00 0.09 0.62
xx\part\88 -1 0.29 0.02 -0.08 -0.16
xx\part\89 -1 -0.13 -0.10 -0.20 -0.14
xx\part\90 -1 0.12 0.04 -0.17 -0.14
xx\part\91 -1 0.15 -0.21 0.11 -0.13
xx\part\92 -1 0.02 -0.08 0.13 0.33
xx\part\93 -1 0.30 0.20 -0.06 0.02
xx\part\94 -1 -0.19 0.02 0.01 0.60
xx\part\95 -1 -0.08 0.06 0.01 0.53
xx\part\96 -1 0.22 0.09 -0.20 -0.01
xx\part\97 -1 0.12 -0.33 0.26 -0.12
xx\part\98 -1 0.22 -0.08 0.14 -0.04
xx\part\99 -1 -0.27 0.04 -0.04 0.30
xx\part\100 -1 -0.04 -0.18 0.16 -0.15
xx\part\101 -1 0.04 -0.15 0.39 -0.01
xx\part\102 -1 -0.23 -0.16 0.41 0.01
xx\part\103 -1 0.18 0.16 0.00 -0.19
xx\part\104 -1 0.16 0.20 0.04 0.15
xx\part\105 -1 0.06 0.03 -0.25 -0.16
xx\part\106 -1 0.16 -0.21 0.23 0.44
xx\part\107 -1 0.16 0.08 -0.22 -0.11
xx\part\108 -1 0.25 0.11 -0.16 -0.09
xx\part\109 -1 -0.18 0.13 -0.15 0.35
xx\part\110 -1 0.28 0.02 -0.00 -0.19
xx\part\111 -1 0.21 0.20 -0.08 -0.01
xx\part\112 -1 0.28 0.22 -0.02 0.01
xx\part\113 -1 -0.12 -0.24 -0.11 -0.05
xx\part\114 -1 0.28 0.19 -0.02 0.07
xx\part\115 -1 0.03 0.04 -0.24 -0.09
xx\part\116 -1 -0.04 -0.10 0.10 0.47
xx\part\117 -1 0.27 0.11 0.04 0.01
xx\part\118 -1 0.13 -0.08 0.16 0.22
xx\part\119 -1 -0.03 -0.50 0.13 0.27
xx\part\120 -1 0.07 -0.16 -0.25 -0.14
xx\part\121 -1 -0.01 0.09 -0.23 0.18
xx\part\122 -1 0.11 0.17 -0.12 -0.01
xx\part\123 -1 0.19 0.16 -0.09 -0.02
xx\part\124 -1 0.27 -0.04 -0.03 -0.17
xx\part\125 -1 -0.05 0.11 -0.21 0.09
xx\part\126 -1 -0.23 -0.14 -0.06 0.20
xx\part\127 -1 0.14 -0.21 0.22 -0.10
xx\part\128 -1 -0.16 -0.07 0.05 0.23
xx\part\129 -1 0.08 0.08 -0.21 -0.02
xx\part\130 -1 0.26 -0.16 -0.01 -0.05
xx\part\131 -1 -0.05 -0.23 -0.16 0.16
xx\part\132 -1 0.09 0.16 -0.23 0.03
xx\part\133 -1 0.11 -0.20 -0.11 -0.16
xx\part\134 -1 0.18 -0.15 0.27 0.08
xx\part\135 -1 0.08 0.11 -0.20 0.08
xx\part\136 -1 0.16 0.04 -0.10 -0.12
xx\part\137 -1 0.12 -0.30 -0.05 0.08
xx\part\138 -1 0.11 0.00 -0.19 0.16
xx\part\139 -1 0.23 0.04 -0.07 -0.08
xx\part\140 -1 0.08 -0.11 -0.17 -0.15
xx\part\141 -1 0.00 0.18 -0.22 0.02
xx\part\142 -1 0.17 0.20 -0.13 0.15
xx\part\143 -1 -0.17 -0.05 -0.16 0.15
xx\part\144 -1 0.04 -0.34 0.19 0.01
xx\part\145 -1 0.15 0.21 -0.10 0.16
xx\part\146 -1 0.05 0.22 -0.26 0.04
xx\part\147 -1 0.30 0.16 -0.09 0.00
xx\part\148 -1 0.28 0.14 -0.04 0.00
xx\part\149 -1 0.11 -0.09 -0.19 -0.21
xx\part\150 -1 0.28 0.15 -0.17 -0.04
xx\part\151 -1 -0.05 -0.23 -0.15 -0.07
xx\part\152 -1 0.24 -0.16 -0.04 -0.07
xx\part\153 -1 0.28 0.02 -0.08 -0.09
xx\part\154 -1 0.19 0.12 -0.01 0.16
xx\part\155 -1 0.17 -0.15 -0.06 -0.13
xx\part\156 -1 0.01 -0.26 0.16 0.20
xx\part\157 -1 0.15 0.13 -0.25 -0.03
xx\part\158 -1 0.07 0.14 -0.26 -0.03
xx\part\159 -1 0.14 -0.06 0.20 0.30
xx\part\160 -1 -0.07 -0.33 0.14 0.22
xx\part\161 -1 0.26 -0.14 0.02 -0.17
xx\part\162 -1 0.14 0.20 -0.08 0.20
xx\part\163 -1 0.04 0.15 -0.23 0.04
xx\part\164 -1 0.12 0.11 -0.16 0.03
xx\part\165 -1 0.11 0.14 -0.16 0.04
xx\part\166 -1 -0.19 0.14 -0.05 0.33
xx\part\167 -1 0.24 0.00 -0.28 -0.13
xx\part\168 -1 0.26 -0.05 -0.17 -0.25
xx\part\169 -1 -0.08 0.11 -0.03 0.35
xx\part\170 -1 0.18 -0.20 0.20 -0.09
xx\part\171 -1 0.22 0.02 0.13 0.16
xx\part\172 -1 0.04 -0.34 0.18 0.04
xx\part\173 -1 -0.15 -0.73 0.04 0.04
xx\part\174 -1 -0.12 -0.42 -0.04 -0.04
xx\part\175 -1 0.22 0.08 0.12 0.14
xx\part\176 -1 -0.00 -0.17 0.20 0.15
xx\part\177 -1 -0.19 -0.19 -0.02 0.21
xx\part\178 -1 0.28 -0.03 -0.04 -0.22
xx\part\179 -1 0.24 -0.15 0.05 -0.07
xx\part\180 -1 0.00 -0.02 -0.50 0.01
xx\part\181 -1 -0.19 -0.50 0.04 0.13
xx\part\182 -1 0.19 -0.36 0.09 0.19
xx\part\183 -1 0.28 0.11 -0.04 0.02
xx\part\184 -1 -0.04 0.06 -0.03 0.55
xx\part\185 -1 0.11 -0.03 -0.26 -0.14
xx\part\186 -1 -0.03 0.13 -0.17 0.31
xx\part\187 -1 -0.06 -0.19 0.10 0.32
xx\part\188 -1 0.13 0.15 -0.19 0.06
xx\part\189 -1 0.24 -0.04 -0.23 -0.11
xx\part\190 -1 0.05 0.13 -0.20 0.27
xx\part\191 -1 0.23 0.13 0.05 0.09
xx\part\192 -1 0.18 -0.06 -0.25 -0.21
xx\part\193 -1 0.08 0.12 -0.04 0.23
xx\part\194 -1 0.10 -0.32 0.33 0.37
xx\part\195 -1 0.11 -0.04 -0.33 -0.18
xx\part\196 -1 -0.05 -0.28 -0.10 -0.09
xx\part\197 -1 0.21 -0.10 -0.06 -0.11
xx\part\198 -1 -0.15 -0.19 -0.11 0.09
xx\part\199 -1 0.19 -0.08 -0.13 0.09
xx\part\200 -1 -0.12 -0.77 0.14 0.21
xx\part\201 -1 0.02 0.19 -0.27 0.12
xx\part\202 -1 -0.05 -0.22 0.07 0.33
xx\part\203 -1 0.11 0.24 -0.22 0.10
xx\part\204 -1 0.07 0.23 -0.18 0.04
xx\part\205 -1 0.01 -0.15 -0.19 -0.20
xx\part\206 -1 0.00 -0.36 0.20 -0.01
xx\part\207 -1 -0.14 -0.11 -0.15 -0.08
xx\part\208 -1 -0.09 0.16 -0.11 0.18
xx\part\209 -1 0.08 0.01 0.26 0.35
xx\part\210 -1 0.28 0.10 0.04 0.19
xx\part\211 -1 0.01 0.09 -0.24 -0.09
xx\part\212 -1 0.05 0.07 -0.26 -0.06
xx\part\213 -1 0.10 -0.08 -0.15 -0.09
xx\part\214 -1 0.16 -0.07 0.15 0.23
xx\part\215 -1 0.04 0.19 -0.23 0.03
xx\part\216 -1 0.15 0.06 -0.26 -0.09
xx\part\217 -1 0.00 0.04 -0.14 0.47
xx\part\218 -1 0.02 0.02 0.16 0.51
xx\part\219 -1 0.27 0.15 -0.06 0.04
xx\part\220 -1 0.02 -0.03 -0.24 0.34
xx\part\221 -1 0.00 -0.05 -0.14 0.73
xx\part\222 -1 0.13 0.03 0.16 0.45
xx\part\223 -1 0.11 -0.17 0.13 0.25
xx\part\224 -1 0.30 0.10 -0.08 -0.11
xx\part\225 -1 0.04 -0.09 -0.20 -0.19
xx\part\226 -1 0.20 -0.14 -0.07 -0.12
xx\part\227 -1 0.24 0.11 0.04 -0.15
xx\part\228 -1 -0.34 -0.11 -0.09 -0.18
xx\part\229 -1 -0.10 0.10 0.13 0.31
xx\part\230 -1 -0.12 0.19 -0.17 -0.04
xx\part\231 -1 0.22 -0.24 0.12 0.00
xx\part\232 -1 0.04 0.00 0.25 0.39
xx\part\233 -1 0.05 -0.21 0.23 0.01
xx\part\234 -1 0.19 -0.16 -0.04 -0.15
xx\part\235 -1 0.25 -0.02 -0.11 -0.09
xx\part\236 -1 0.24 0.09 0.12 0.29
xx\part\237 -1 0.03 0.09 -0.22 -0.09
xx\part\238 -1 0.08 -0.05 -0.17 -0.23
xx\part\239 -1 0.09 -0.31 -0.18 -0.14
xx\part\240 -1 -0.21 -0.28 0.02 0.29
xx\part\241 -1 0.31 -0.04 -0.11 0.15
xx\part\242 -1 0.12 -0.03 -0.27 -0.04
xx\part\243 -1 -0.10 0.17 -0.21 0.17
xx\part\244 -1 0.15 0.00 -0.04 -0.21
xx\part\245 -1 -0.09 -0.33 0.09 0.22
xx\part\246 -1 0.26 0.12 -0.15 0.06
xx\part\247 -1 0.14 -0.22 -0.20 0.08
xx\part\248 -1 0.11 0.19 -0.17 0.20
xx\part\249 -1 0.29 0.22 -0.10 0.05
xx\part\250 -1 0.02 0.04 0.09 0.51
xx\part\251 -1 0.07 -0.71 0.32 0.10
xx\part\252 -1 0.17 -0.04 0.29 0.38
xx\part\253 -1 0.25 0.02 -0.01 -0.12
xx\part\254 -1 -0.20 -0.30 -0.16 0.02
xx\part\255 -1 0.14 0.19 -0.07 0.07
xx\part\256 -1 -0.13 -0.35 0.04 0.14
xx\part\257 -1 0.14 0.03 -0.22 -0.15
xx\part\258 -1 0.30 -0.01 -0.07 -0.17
xx\part\259 -1 0.18 -0.13 0.11 0.11
xx\part\260 -1 0.24 0.06 -0.02 -0.10
xx\part\261 -1 0.00 -0.47 0.17 0.27
xx\part\262 -1 0.28 0.06 -0.04 -0.11
xx\part\263 -1 -0.32 -0.10 -0.07 0.49
xx\part\264 -1 -0.22 -0.11 0.00 0.43
xx\part\265 -1 0.09 0.10 -0.25 -0.10
xx\part\266 -1 -0.11 -0.45 0.06 0.13
xx\part\267 -1 0.06 0.20 -0.26 0.14
xx\part\268 -1 0.32 -0.24 -0.10 -0.06
xx\part\269 -1 0.20 0.16 -0.27 -0.01
xx\part\270 -1 0.08 0.11 -0.24 0.12
xx\part\271 -1 0.02 -0.46 0.12 0.76
xx\part\272 -1 0.07 -0.45 0.07 -0.02
xx\part\273 -1 0.03 -0.35 -0.08 0.08
xx\part\274 -1 -0.09 -0.17 -0.04 0.48
xx\part\275 -1 0.20 -0.21 -0.13 -0.08
xx\part\276 -1 0.10 0.03 -0.28 -0.11
xx\part\277 -1 0.28 0.08 -0.12 0.24
xx\part\278 -1 0.20 0.17 -0.01 0.18
xx\part\279 -1 -0.09 -0.24 -0.13 0.04
xx\part\280 -1 0.14 -0.23 0.24 0.01
xx\part\281 -1 0.18 -0.14 0.21 0.10
xx\part\282 -1 -0.20 -0.44 0.01 -0.05
xx\part\283 -1 0.02 0.03 0.22 0.45
xx\part\284 -1 -0.14 -0.53 0.04 0.21
xx\part\285 -1 0.20 0.05 -0.33 0.16
xx\part\286 -1 0.16 0.26 -0.21 0.08
xx\part\287 -1 0.19 0.07 0.06 0.21
xx\part\288 -1 -0.20 0.03 -0.16 0.20
xx\part\289 -1 0.03 -0.35 -0.21 0.12
xx\part\290 -1 0.20 -0.32 -0.13 0.07
xx\part\291 -1 -0.02 0.02 0.09 0.47
xx\part\292 -1 -0.12 0.13 -0.20 0.16
xx\part\293 -1 0.10 0.18 0.13 0.17
xx\part\294 -1 -0.25 -0.73 -0.08 0.10
xx\part\295 -1 -0.11 -0.37 0.12 0.38
xx\part\296 -1 -0.27 0.07 -0.13 0.05
xx\part\297 -1 0.22 -0.08 -0.12 -0.18
xx\part\298 -1 0.24 0.16 -0.11 0.25
xx\part\299 -1 0.09 0.14 0.05 0.24
xx\part\300 -1 0.00 -0.82 -0.13 0.41
xx\part\301 -1 0.03 -0.59 0.08 0.19
xx\part\302 -1 0.14 0.19 -0.14 0.05
xx\part\303 -1 0.15 0.17 -0.21 0.01
xx\part\304 -1 0.08 0.15 -0.09 0.20
xx\part\305 -1 0.11 -0.31 0.35 -0.13
xx\part\306 -1 0.23 0.09 -0.33 -0.03
xx\part\307 -1 0.34 -0.18 -0.13 -0.16
xx\part\308 -1 0.07 0.01 -0.27 0.01
xx\part\309 -1 -0.02 -0.21 -0.22 -0.06
xx\part\310 -1 -0.25 -0.18 -0.12 0.23
xx\part\311 -1 -0.04 0.18 -0.23 0.16
xx\part\312 -1 0.19 0.09 -0.08 0.19
xx\part\313 -1 0.05 0.05 -0.17 0.42
xx\part\314 -1 0.01 0.19 -0.22 0.16
xx\part\315 -1 -0.36 -0.19 0.09 -0.02
xx\part\316 -1 0.10 -0.42 0.07 0.02
xx\part\317 -1 -0.07 -0.20 -0.21 -0.05
xx\part\318 -1 0.17 0.10 -0.15 -0.07
xx\part\319 -1 0.25 -0.09 0.08 -0.06
xx\part\320 -1 0.17 0.07 -0.28 -0.06
xx\part\321 -1 0.23 0.25 -0.18 0.06
xx\part\322 -1 0.26 0.13 -0.20 0.01
xx\part\323 -1 0.18 -0.20 -0.13 -0.12
xx\part\324 -1 -0.24 -0.27 -0.06 0.51
xx\part\325 -1 -0.01 -0.10 -0.27 -0.10
xx\part\326 -1 0.04 -0.03 -0.25 -0.18
xx\part\327 -1 0.12 -0.23 0.14 -0.11
xx\part\328 -1 -0.19 0.16 -0.05 0.26
xx\part\329 -1 0.06 -0.09 -0.15 -0.15
xx\part\330 -1 -0.16 0.02 -0.13 0.23
xx\part\331 -1 0.12 -0.24 0.16 0.01
xx\part\332 -1 -0.09 -0.21 -0.13 -0.12
xx\part\333 -1 0.20 0.14 -0.21 0.02
xx\part\334 -1 0.12 0.20 -0.05 0.18
xx\part\335 -1 0.22 0.06 0.02 0.26
xx\part\336 -1 0.24 -0.02 0.05 0.34
xx\part\337 -1 0.14 -0.21 -0.07 -0.09
xx\part\338 -1 0.27 0.02 -0.18 -0.05
xx\part\339 -1 0.01 -0.06 -0.23 -0.20
xx\part\340 -1 0.16 -0.18 0.23 0.41
xx\part\341 -1 0.14 0.10 0.19 0.32
xx\part\342 -1 0.09 -0.26 0.21 0.25
xx\part\343 -1 0.22 -0.10 -0.09 -0.20
xx\part\344 -1 0.29 0.21 -0.09 0.05
xx\part\345 -1 0.16 0.10 -0.13 -0.08
xx\part\346 -1 0.13 0.12 0.04 0.20
xx\part\347 -1 0.05 -0.28 0.21 0.14
xx\part\348 -1 0.02 0.18 -0.24 0.21
xx\part\349 -1 0.12 -0.29 0.23 -0.06
xx\part\350 -1 0.20 0.09 -0.12 -0.12
xx\part\351 -1 -0.07 -0.09 -0.23 -0.13
xx\part\352 -1 0.21 0.20 -0.06 0.06
xx\part\353 -1 0.19 0.27 -0.12 0.07
xx\part\354 -1 0.16 0.20 -0.11 0.05
xx\part\355 -1 -0.05 -0.12 0.12 0.23
xx\part\356 -1 0.12 0.21 -0.21 0.08
xx\part\357 -1 -0.06 0.11 -0.20 0.40
xx\part\358 -1 -0.07 -0.03 -0.18 0.29
xx\part\359 -1 -0.08 -0.70 0.10 0.25
xx\part\360 -1 0.24 0.14 0.00 0.16
xx\part\361 -1 0.15 -0.15 0.05 -0.14
xx\part\362 -1 0.15 0.10 0.15 0.17
xx\part\363 -1 0.06 0.16 -0.14 0.16
xx\part\364 -1 -0.11 -0.24 -0.14 0.03
xx\part\365 -1 0.24 0.13 -0.10 -0.05
xx\part\366 -1 0.07 -0.10 -0.15 -0.21
xx\part\367 -1 0.23 0.13 0.05 0.17
xx\part\368 -1 0.06 0.03 -0.17 -0.16
xx\part\369 -1 -0.08 -0.25 0.09 0.08
xx\part\370 -1 0.22 0.19 -0.04 0.08
xx\part\371 -1 0.16 0.13 -0.12 0.07
xx\part\372 -1 -0.24 -0.35 0.01 0.25
xx\part\373 -1 -0.31 -0.10 -0.06 0.32
xx\part\374 -1 -0.05 0.21 -0.23 0.16
xx\part\375 -1 0.10 0.21 -0.19 0.09
xx\part\376 -1 0.25 -0.07 -0.00 -0.18
xx\part\377 -1 0.19 -0.01 -0.14 -0.22
xx\part\378 -1 0.04 0.20 -0.23 -0.01
xx\part\379 -1 -0.06 0.12 -0.24 0.04
xx\part\380 -1 -0.30 -0.01 -0.10 0.44
xx\part\381 -1 0.28 0.21 0.00 0.04
xx\part\382 -1 0.09 -0.11 0.19 0.11
xx\part\383 -1 0.03 -0.07 -0.23 -0.21
xx\part\384 -1 0.09 0.19 -0.09 0.18
xx\part\385 -1 0.28 0.00 -0.01 -0.19
xx\part\386 -1 -0.11 0.14 -0.15 0.15
xx\part\387 -1 0.08 0.13 0.14 0.21
xx\part\388 -1 0.06 0.18 -0.10 0.13
xx\part\389 -1 0.20 0.17 -0.26 -0.03
xx\part\390 -1 0.02 0.13 -0.27 0.27
xx\part\391 -1 0.14 0.16 -0.20 0.24
xx\part\392 -1 0.07 0.21 -0.12 0.14
xx\part\393 -1 -0.08 -0.44 0.13 0.10
xx\part\394 -1 0.04 -0.02 -0.27 -0.08
xx\part\395 -1 0.17 0.09 -0.23 0.03
xx\part\396 -1 0.08 0.20 -0.08 0.16
xx\part\397 -1 0.11 -0.10 -0.11 -0.20
xx\part\398 -1 -0.12 0.10 -0.14 0.19
xx\part\399 -1 0.28 0.12 -0.07 0.19
xx\part\400 -1 0.29 -0.11 -0.02 -0.15
xx\part\401 -1 0.00 -0.06 -0.38 -0.20
xx\part\402 -1 -0.18 -0.18 -0.13 -0.08
xx\part\403 -1 0.12 -0.31 0.19 0.42
xx\part\404 -1 0.23 0.12 -0.14 -0.02
xx\part\405 -1 -0.09 -0.38 -0.16 0.34
xx\part\406 -1 0.12 -0.10 -0.25 -0.19
xx\part\407 -1 0.29 -0.10 -0.10 -0.14
xx\part\408 -1 0.20 -0.11 0.13 -0.01
xx\part\409 -1 0.11 -0.03 0.20 0.19
xx\part\410 -1 0.19 -0.45 0.12 0.12
xx\part\411 -1 -0.02 0.00 0.16 0.39
xx\part\412 -1 -0.16 0.09 -0.06 0.24
xx\part\413 -1 0.19 0.06 -0.12 -0.07
xx\part\414 -1 -0.03 0.10 -0.16 0.21
xx\part\415 -1 0.04 -0.02 0.09 0.40
xx\part\416 -1 0.01 0.14 -0.24 0.01
xx\part\417 -1 -0.02 0.08 0.15 0.50
xx\part\418 -1 -0.29 -0.24 -0.06 0.21
xx\part\419 -1 0.21 0.12 0.09 0.12
xx\part\420 -1 0.23 0.07 0.09 0.13
xx\part\421 -1 0.25 0.22 0.02 0.11
xx\part\422 -1 0.16 0.08 0.05 0.20
xx\part\423 -1 0.12 0.03 -0.30 -0.14
xx\part\424 -1 0.17 -0.32 0.17 -0.03
xx\part\425 -1 -0.07 0.07 0.17 0.49
xx\part\426 -1 0.14 0.11 0.19 0.30
xx\part\427 -1 0.11 -0.48 0.19 -0.04
xx\part\428 -1 0.21 0.17 -0.19 0.02
xx\part\429 -1 0.28 0.22 -0.12 0.04
xx\part\430 -1 0.27 0.11 0.02 -0.02
xx\part\431 -1 0.14 -0.27 0.23 0.55
xx\part\432 -1 0.18 0.08 0.14 0.19
xx\part\433 -1 -0.18 -0.18 -0.17 0.03
xx\part\434 -1 0.13 -0.24 0.08 0.20
xx\part\435 -1 0.08 -0.39 0.27 0.05
xx\part\436 -1 0.21 -0.03 -0.18 -0.23
xx\part\437 -1 0.09 0.09 -0.28 0.03
xx\part\438 -1 0.09 0.04 0.08 0.37
xx\part\439 -1 -0.27 -0.09 -0.11 0.37
xx\part\440 -1 0.00 -0.50 0.17 -0.03
xx\part\441 -1 0.19 0.12 -0.24 -0.03
xx\part\442 -1 0.14 0.15 -0.03 0.30
xx\part\443 -1 0.21 -0.12 -0.01 -0.13
xx\part\444 -1 0.24 0.19 -0.07 0.12
xx\part\445 -1 0.22 0.15 -0.09 0.04
xx\part\446 -1 0.19 -0.15 0.07 -0.17
xx\part\447 -1 0.19 0.20 -0.13 0.01
xx\part\448 -1 0.20 -0.19 0.01 -0.11
xx\part\449 -1 -0.02 -0.38 0.21 0.19
xx\part\450 -1 -0.07 -0.30 0.15 0.02
xx\part\451 -1 0.24 -0.12 0.09 0.07
xx\part\452 -1 0.08 0.03 -0.25 -0.16
xx\part\453 -1 0.16 -0.06 -0.18 -0.09
xx\part\454 -1 0.23 0.10 0.02 0.15
xx\part\455 -1 -0.19 -0.31 -0.05 0.27
xx\part\456 -1 0.16 -0.05 -0.21 -0.13
xx\part\457 -1 0.14 -0.07 -0.25 -0.16
xx\part\458 -1 0.24 -0.14 -0.02 -0.04
xx\part\459 -1 0.08 0.01 -0.27 -0.19
xx\part\460 -1 -0.16 -0.45 0.06 -0.02
xx\part\461 -1 0.21 0.01 -0.17 -0.13
xx\part\462 -1 0.20 0.18 -0.17 0.03
xx\part\463 -1 0.12 -0.06 0.11 0.30
xx\part\464 -1 0.31 0.18 -0.15 0.01
xx\part\465 -1 0.11 -0.09 -0.21 -0.17
xx\part\466 -1 0.25 0.03 -0.08 0.03
xx\part\467 -1 0.08 0.06 0.18 0.53
xx\part\468 -1 -0.01 0.05 0.01 0.51
xx\part\469 -1 -0.11 0.09 -0.15 0.15
xx\part\470 -1 0.06 -0.34 0.26 0.08
xx\part\471 -1 0.04 -0.24 0.02 0.53
xx\part\472 -1 0.02 -0.43 0.22 0.09
xx\part\473 -1 0.30 -0.08 -0.08 -0.12
xx\part\474 -1 -0.16 -0.32 0.05 0.46
xx\part\475 -1 0.10 -0.22 -0.23 -0.07
xx\part\476 -1 0.31 -0.11 -0.12 -0.01
xx\part\477 -1 0.09 0.13 -0.18 -0.06
xx\part\478 -1 -0.09 -0.29 0.03 -0.14
xx\part\479 -1 -0.14 0.12 -0.15 0.18
xx\part\480 -1 0.21 0.15 -0.10 0.00
xx\part\481 -1 0.23 0.20 0.08 0.20
xx\part\482 -1 -0.06 -0.44 0.19 -0.06
xx\part\483 -1 0.20 -0.08 -0.08 -0.22
xx\part\484 -1 0.00 -0.38 0.20 0.10
xx\part\485 -1 0.08 -0.45 -0.11 -0.06
xx\part\486 -1 0.02 0.11 -0.14 0.35
xx\part\487 -1 0.24 0.08 -0.12 0.09
xx\part\488 -1 0.13 0.21 -0.27 -0.00
xx\part\489 -1 0.25 0.01 -0.09 -0.13
xx\part\490 -1 0.11 -0.38 -0.24 -0.04
xx\part\491 -1 -0.03 -0.31 0.14 0.07
xx\part\492 -1 0.19 0.01 -0.10 -0.15
xx\part\493 -1 0.03 0.26 -0.20 0.06
xx\part\494 -1 -0.13 -0.16 -0.21 -0.13
xx\part\495 -1 0.13 -0.29 0.17 0.15
xx\part\496 -1 0.14 0.18 0.01 0.24
xx\part\497 -1 0.21 0.11 0.10 0.13
xx\part\498 -1 -0.10 -0.44 0.06 0.05
xx\part\499 -1 -0.15 0.12 -0.11 0.30
xx\part\500 -1 0.03 0.16 -0.04 0.30
xx\part\501 -1 0.06 -0.02 -0.34 0.03
xx\part\502 -1 0.02 0.10 -0.24 0.16
xx\part\503 -1 -0.08 0.05 -0.17 0.47
xx\part\504 -1 0.04 0.00 -0.26 -0.10
xx\part\505 -1 0.11 -0.31 0.32 0.19
xx\part\506 -1 0.06 -0.25 -0.11 -0.11
xx\part\507 -1 0.23 0.20 -0.14 -0.02
xx\part\508 -1 0.12 -0.02 0.29 0.55
xx\part\509 -1 0.20 -0.11 -0.07 -0.11
xx\part\510 -1 -0.01 -0.27 0.10 0.13
xx\part\511 -1 -0.13 -0.33 0.12 -0.03
xx\part\512 -1 0.24 -0.15 0.04 -0.04
xx\part\513 -1 0.15 0.06 -0.12 -0.06
xx\part\514 -1 -0.17 -0.08 0.06 0.24
xx\part\515 -1 -0.09 0.18 -0.19 0.13
xx\part\516 -1 -0.01 -0.24 0.12 0.14
xx\part\517 -1 0.29 0.10 -0.10 -0.07
xx\part\518 -1 0.17 -0.05 0.09 0.34
xx\part\519 -1 -0.20 -0.43 -0.04 0.17
xx\part\520 -1 0.24 0.11 -0.18 -0.08
xx\part\521 -1 0.16 0.08 -0.17 -0.00
xx\part\522 -1 0.27 0.14 -0.14 0.02
xx\part\523 -1 -0.07 -0.18 -0.22 0.04
xx\part\524 -1 -0.06 0.11 -0.21 0.18
xx\part\525 -1 0.30 0.11 -0.13 -0.04
xx\part\526 -1 0.19 0.19 -0.25 -0.00
xx\part\527 -1 0.14 -0.52 0.36 0.16
xx\part\528 -1 -0.00 -0.43 0.07 0.07
xx\part\529 -1 0.12 0.20 -0.21 0.10
xx\part\530 -1 0.27 0.00 -0.04 -0.12
xx\part\531 -1 0.11 -0.27 0.32 -0.09
xx\part\532 -1 -0.18 -0.28 -0.12 0.13
xx\part\533 -1 0.11 0.01 -0.21 -0.15
xx\part\534 -1 0.25 0.04 -0.10 -0.08
xx\part\535 -1 -0.19 0.03 -0.13 0.57
xx\part\536 -1 -0.10 -0.36 -0.01 0.05
xx\part\537 -1 0.04 -0.26 -0.09 -0.13
xx\part\538 -1 0.07 0.19 -0.23 0.14
xx\part\539 -1 0.21 0.18 -0.16 0.02
xx\part\540 -1 0.26 0.22 -0.03 0.14
xx\part\541 -1 0.10 -0.08 -0.16 -0.10
xx\part\542 -1 0.12 -0.36 0.26 -0.03
xx\part\543 -1 0.09 -0.11 0.21 0.33
xx\part\544 -1 -0.04 0.05 -0.02 0.48
xx\part\545 -1 0.16 0.13 0.11 0.30
xx\part\546 -1 0.04 0.23 -0.15 0.12
xx\part\547 -1 0.16 0.07 -0.28 -0.10
xx\part\548 -1 0.06 -0.24 -0.35 -0.14
xx\part\549 -1 0.04 -0.24 -0.18 -0.10
xx\part\550 -1 0.11 -0.20 0.30 0.47
xx\part\551 -1 -0.07 0.14 -0.25 0.19
xx\part\552 -1 0.18 0.14 -0.09 -0.02
xx\part\553 -1 0.03 -0.71 0.02 0.51
xx\part\554 -1 0.09 -0.08 0.08 0.26
xx\part\555 -1 0.11 0.18 -0.12 0.13
xx\part\556 -1 0.08 0.10 0.26 0.27
xx\part\557 -1 0.24 -0.11 0.02 -0.14
xx\part\558 -1 -0.24 -0.36 -0.06 0.10
xx\part\559 -1 0.04 0.04 0.22 0.25
xx\part\560 -1 -0.18 0.06 -0.01 0.25
xx\part\561 -1 0.09 0.20 -0.20 0.03
xx\part\562 -1 -0.11 0.04 -0.04 0.44
xx\part\563 -1 0.19 0.19 -0.11 0.09
xx\part\564 -1 0.21 -0.23 0.17 -0.12
xx\part\565 -1 -0.15 -0.15 0.02 0.51
xx\part\566 -1 0.21 -0.11 -0.13 -0.16
xx\part\567 -1 -0.15 -0.40 -0.14 -0.04
xx\part\568 -1 0.26 0.14 -0.05 -0.01
xx\part\569 -1 -0.02 0.17 -0.21 -0.02
xx\part\570 -1 0.18 0.11 0.06 0.15
xx\part\571 -1 -0.11 -0.17 -0.19 0.22
xx\part\572 -1 0.15 0.21 -0.26 0.05
xx\part\573 -1 0.13 -0.01 0.34 0.42
xx\part\574 -1 0.10 0.18 -0.05 0.17
xx\part\575 -1 0.11 -0.04 -0.21 -0.17
xx\part\576 -1 -0.05 -0.14 -0.24 -0.17
xx\part\577 -1 -0.12 0.17 -0.18 0.23
xx\part\578 -1 0.18 0.11 -0.08 0.05
xx\part\579 -1 0.11 -0.28 0.12 -0.02
xx\part\580 -1 -0.10 0.06 -0.04 0.51
xx\part\581 -1 0.03 0.27 -0.09 -0.04
xx\part\582 -1 0.08 0.17 -0.25 -0.01
xx\part\583 -1 0.03 0.04 -0.18 -0.16
xx\part\584 -1 -0.06 -0.14 -0.17 -0.11
xx\part\585 -1 0.11 -0.09 -0.09 -0.21
xx\part\586 -1 0.11 -0.20 -0.06 -0.11
xx\part\587 -1 -0.07 -0.22 0.16 0.24
xx\part\588 -1 0.21 -0.11 0.02 -0.16
xx\part\589 -1 0.28 -0.04 -0.04 -0.19
xx\part\590 -1 -0.06 0.12 -0.20 0.23
xx\part\591 -1 0.12 -0.17 -0.10 -0.13
xx\part\592 -1 -0.08 -0.18 0.14 0.16
xx\part\593 -1 0.03 0.20 -0.12 0.18
xx\part\594 -1 0.24 0.13 -0.02 -0.04
xx\part\595 -1 0.09 -0.41 0.17 -0.08
xx\part\596 -1 0.21 0.13 0.04 -0.09
xx\part\597 -1 0.03 0.08 -0.25 -0.10
xx\part\598 -1 -0.06 0.09 0.18 0.35
xx\part\599 -1 0.24 0.20 0.12 0.12
xx\part\600 -1 -0.27 -0.23 -0.04 0.33
xx\part\601 -1 0.10 -0.28 -0.02 -0.12
xx\part\602 -1 0.18 0.20 -0.12 0.14
xx\part\603 -1 -0.09 -0.20 -0.19 0.15
xx\part\604 -1 0.13 0.03 -0.20 -0.11
xx\part\605 -1 0.01 -0.22 0.17 0.53
xx\part\606 -1 0.18 0.12 0.07 0.19
xx\part\607 -1 0.17 0.23 -0.13 0.02
xx\part\608 -1 -0.28 0.04 -0.05 0.48
xx\part\609 -1 0.15 -0.11 -0.21 -0.22
xx\part\610 -1 0.10 -0.13 -0.37 0.36
xx\part\611 -1 0.26 0.06 -0.04 -0.14
xx\part\612 -1 0.11 0.05 -0.11 -0.16
xx\part\613 -1 0.03 -0.27 0.20 -0.11
xx\part\614 -1 0.14 0.16 -0.08 -0.05
xx\part\615 -1 0.04 -0.06 -0.12 -0.21
xx\part\616 -1 0.14 0.09 -0.03 -0.13
xx\part\617 -1 0.06 0.04 -0.11 -0.21
xx\part\618 -1 -0.24 0.13 0.05 0.36
xx\part\619 -1 0.12 0.01 -0.07 -0.33
xx\part\620 -1 0.14 0.13 -0.06 -0.10
xx\part\621 -1 0.11 0.01 0.10 -0.21
xx\part\622 -1 0.18 0.03 0.07 -0.25
xx\part\623 -1 0.05 -0.28 0.15 -0.09
xx\part\624 -1 0.15 -0.21 0.34 -0.08
xx\part\625 -1 -0.07 -0.25 0.16 -0.16
xx\part\626 -1 0.09 -0.16 0.15 -0.18
xx\part\627 -1 0.05 0.00 0.11 -0.39
xx\part\628 -1 0.18 -0.01 -0.11 0.33
xx\part\629 -1 0.07 -0.09 0.10 0.44
xx\part\630 -1 0.00 -0.30 0.14 0.21
xx\part\631 -1 0.17 -0.04 -0.18 -0.24
xx\part\632 -1 0.24 -0.31 -0.01 -0.12
xx\part\633 -1 0.25 -0.09 -0.02 -0.09
xx\part\634 -1 -0.01 -0.40 -0.27 0.09
xx\part\635 -1 0.25 -0.17 -0.08 -0.14
xx\part\636 -1 0.21 -0.06 -0.27 -0.18
xx\part\637 -1 0.12 0.14 -0.16 -0.08
xx\part\638 -1 0.04 -0.09 -0.20 -0.12
xx\part\639 -1 0.04 -0.40 0.23 0.01
xx\part\640 -1 0.13 0.04 0.30 0.52
xx\part\641 -1 0.16 0.12 -0.13 0.08
xx\part\642 -1 0.10 0.10 -0.23 0.01
xx\part\643 -1 0.02 -0.32 0.17 0.06
xx\part\644 -1 0.04 0.11 -0.23 0.03
xx\part\645 -1 0.21 0.08 -0.17 -0.11
xx\part\646 -1 0.23 -0.04 -0.20 -0.15
xx\part\647 -1 -0.08 -0.31 0.03 0.09
xx\part\648 -1 -0.04 0.07 -0.13 0.30
xx\part\649 -1 0.13 0.16 -0.25 -0.06
xx\part\650 -1 0.20 -0.02 -0.14 -0.20
xx\part\651 -1 0.20 0.12 -0.07 0.14
xx\part\652 -1 -0.07 0.16 -0.06 0.34
xx\part\653 -1 -0.16 -0.22 0.09 0.38
xx\part\654 -1 0.25 0.02 0.09 -0.07
xx\part\655 -1 0.04 0.25 -0.21 0.06
xx\part\656 -1 -0.20 0.09 -0.07 0.39
xx\part\657 -1 -0.08 -0.04 -0.04 0.73
xx\part\658 -1 0.11 -0.12 -0.11 -0.16
xx\part\659 -1 0.15 -0.30 0.16 0.25
xx\part\660 -1 0.30 -0.01 -0.06 -0.16
xx\part\661 -1 0.08 0.12 -0.13 -0.07
xx\part\662 -1 0.11 0.00 -0.29 -0.14
xx\part\663 -1 0.33 0.06 -0.15 -0.10
xx\part\664 -1 0.18 0.24 -0.10 0.03
xx\part\665 -1 0.12 0.20 -0.08 0.06
xx\part\666 -1 0.04 -0.10 -0.21 -0.11
xx\part\667 -1 0.28 0.01 -0.03 -0.20
xx\part\668 -1 0.16 0.07 -0.13 -0.10
xx\part\669 -1 0.01 0.16 -0.22 0.26
xx\part\670 -1 0.03 0.05 -0.27 0.08
xx\part\671 -1 0.15 0.20 -0.07 0.10
xx\part\672 -1 0.17 -0.01 -0.17 -0.14
xx\part\673 -1 0.17 0.14 -0.12 0.01
xx\part\674 -1 0.20 -0.04 0.17 -0.13
xx\part\675 -1 0.01 -0.07 -0.24 -0.24
xx\part\676 -1 0.14 -0.11 0.31 0.37
xx\part\677 -1 0.13 0.19 -0.28 -0.02
xx\part\678 -1 0.19 -0.01 0.10 0.19
xx\part\679 -1 -0.05 -0.25 0.12 0.29
xx\part\680 -1 0.06 0.09 -0.30 -0.11
xx\part\681 -1 0.05 0.15 -0.28 -0.00
xx\part\682 -1 0.11 0.06 0.06 0.25
xx\part\683 -1 -0.04 -0.20 -0.15 -0.09
xx\part\684 -1 -0.17 -0.05 -0.06 0.25
xx\part\685 -1 0.15 0.10 -0.18 -0.02
xx\part\686 -1 0.14 -0.19 -0.17 -0.16
xx\part\687 -1 0.23 0.09 -0.17 -0.12
xx\part\688 -1 0.23 0.16 -0.00 0.26
xx\part\689 -1 0.13 0.03 -0.16 -0.12
xx\part\690 -1 0.16 -0.06 -0.18 -0.11
xx\part\691 -1 -0.01 0.11 -0.19 0.33
xx\part\692 -1 0.23 -0.09 0.18 -0.00
xx\part\693 -1 0.10 -0.28 0.29 0.06
xx\part\694 -1 -0.03 -0.03 0.07 0.54
xx\part\695 -1 0.16 -0.02 -0.23 -0.20
xx\part\696 -1 0.02 -0.16 0.10 0.30
xx\part\697 -1 0.10 -0.28 0.20 0.28
xx\part\698 -1 -0.16 -0.30 -0.17 -0.04
xx\part\699 -1 -0.27 -0.05 -0.06 0.57
xx\part\700 -1 0.19 -0.59 0.25 0.15
xx\part\701 -1 0.01 -0.17 0.21 0.32
xx\part\702 -1 0.14 -0.35 0.33 0.38
xx\part\703 -1 0.12 0.13 -0.12 0.15
xx\part\704 -1 -0.13 -0.49 0.11 0.24
xx\part\705 -1 0.14 0.00 -0.17 -0.17
xx\part\706 -1 0.27 -0.03 -0.18 -0.24
xx\part\707 -1 0.24 -0.17 -0.00 -0.13
xx\part\708 -1 0.20 0.24 -0.27 0.04
xx\part\709 -1 0.07 -0.09 -0.27 -0.11
xx\part\710 -1 0.10 0.06 0.13 0.52
xx\part\711 -1 0.14 -0.12 -0.11 -0.21
xx\part\712 -1 -0.10 -0.08 -0.16 0.26
xx\part\713 -1 -0.15 -0.20 0.07 0.56
xx\part\714 -1 0.21 -0.04 -0.17 -0.15
xx\part\715 -1 -0.01 0.19 -0.18 0.20
xx\part\716 -1 0.24 0.17 -0.18 0.02
xx\part\717 -1 0.16 0.21 -0.18 0.08
xx\part\718 -1 0.21 0.21 -0.19 0.07
xx\part\719 -1 0.29 -0.26 -0.15 0.00
xx\part\720 -1 0.10 0.16 -0.19 0.15
xx\part\721 -1 0.01 0.16 -0.19 0.18
xx\part\722 -1 0.23 -0.06 0.03 -0.24
xx\part\723 -1 0.10 -0.03 -0.30 -0.07
xx\part\724 -1 0.27 0.01 -0.13 0.22
xx\part\725 -1 0.08 0.19 -0.29 -0.01
xx\part\726 -1 0.18 -0.14 -0.07 -0.07
xx\part\727 -1 0.08 0.21 -0.29 0.14
xx\part\728 -1 0.17 0.20 -0.28 0.00
xx\part\729 -1 0.20 0.24 -0.24 0.08
xx\part\730 -1 0.17 0.05 -0.19 -0.05
xx\part\731 -1 0.29 -0.04 -0.17 -0.24
xx\part\732 -1 -0.04 -0.41 0.16 -0.02
xx\part\733 -1 0.23 -0.34 0.09 0.03
xx\part\734 -1 -0.05 -0.76 0.09 0.14
xx\part\735 -1 0.19 -0.07 -0.09 -0.08
xx\part\736 -1 0.22 0.04 -0.09 -0.02
xx\part\737 -1 0.19 -0.21 0.12 -0.04
xx\part\738 -1 0.11 -0.04 -0.14 -0.18
xx\part\739 -1 0.08 -0.07 0.30 0.31
xx\part\740 -1 0.07 -0.09 0.10 0.38
xx\part\741 -1 0.11 0.11 0.03 0.32
xx\part\742 -1 0.05 -0.38 0.05 -0.10
xx\part\743 -1 0.04 0.16 -0.15 0.17
xx\part\744 -1 0.23 0.16 0.01 0.27
xx\part\745 -1 -0.16 -0.18 -0.04 0.26
xx\part\746 -1 0.22 0.13 -0.03 -0.04
xx\part\747 -1 0.11 0.07 -0.19 -0.06
xx\part\748 -1 0.12 0.02 -0.28 -0.13
xx\part\749 -1 0.20 -0.26 0.13 -0.07
xx\part\750 -1 0.16 0.17 -0.09 0.10
xx\part\751 -1 0.13 -0.28 0.14 0.06
xx\part\752 -1 -0.21 -0.04 0.04 0.52
xx\part\753 -1 0.20 -0.03 -0.14 -0.21
xx\part\754 -1 0.10 -0.02 -0.26 -0.15
xx\part\755 -1 0.24 -0.30 -0.14 0.27
xx\part\756 -1 0.06 -0.28 0.10 -0.08
xx\part\757 -1 0.12 -0.12 0.11 -0.12
xx\part\758 -1 0.13 -0.03 0.26 0.37
xx\part\759 -1 0.18 0.11 0.10 0.39
xx\part\760 -1 0.03 0.18 0.04 0.28
xx\part\761 -1 0.29 -0.06 -0.09 -0.24
xx\part\762 -1 0.18 -0.09 -0.07 -0.10
xx\part\763 -1 0.23 0.23 -0.07 0.14
xx\part\764 -1 0.16 -0.16 0.19 0.44
xx\part\765 -1 0.23 -0.18 -0.21 -0.02
xx\part\766 -1 0.27 0.18 -0.20 0.02
xx\part\767 -1 0.19 -0.08 -0.09 -0.22
xx\part\768 -1 -0.01 -0.04 0.16 0.49
xx\part\769 -1 -0.10 -0.14 0.50 -0.08
xx\part\770 -1 -0.37 -0.13 0.22 0.08
xx\part\771 -1 0.00 -0.29 0.23 0.12
xx\part\772 -1 0.22 -0.13 -0.04 -0.16
xx\part\773 -1 0.16 0.01 0.15 0.19
xx\part\774 -1 0.03 0.34 -0.17 -0.15
xx\part\775 -1 -0.27 0.01 0.29 0.18
xx\part\776 -1 0.08 -0.13 -0.19 -0.17
xx\part\777 -1 0.05 -0.24 -0.12 -0.13
xx\part\778 -1 0.23 -0.12 0.01 -0.14
xx\part\779 -1 -0.08 0.05 -0.23 0.10
xx\part\780 -1 -0.19 -0.02 -0.18 0.14
xx\part\781 -1 0.14 -0.04 0.09 0.27
xx\part\782 -1 0.11 0.00 0.13 0.64
xx\part\783 -1 0.16 -0.04 -0.23 -0.15
xx\part\784 -1 0.18 0.05 -0.08 -0.14
xx\part\785 -1 0.06 0.16 -0.17 0.12
xx\part\786 -1 -0.08 0.11 -0.18 0.22
xx\part\787 -1 0.05 0.23 -0.23 0.02
xx\part\788 -1 0.01 0.18 -0.09 0.27
xx\part\789 -1 0.23 0.19 -0.12 0.01
xx\part\790 -1 0.11 -0.13 -0.10 -0.18
xx\part\791 -1 0.21 0.17 -0.04 0.13
xx\part\792 -1 0.04 0.21 -0.17 0.12
xx\part\793 -1 -0.03 0.19 -0.17 0.21
xx\part\794 -1 -0.04 0.13 -0.01 0.30
xx\part\795 -1 0.14 0.19 -0.19 -0.01
xx\part\796 -1 0.17 0.17 -0.17 0.00
xx\part\797 -1 0.21 -0.13 0.07 -0.13
xx\part\798 -1 0.28 0.05 -0.02 -0.04
xx\part\799 -1 -0.28 -0.34 -0.13 0.24
xx\part\800 -1 0.04 0.21 -0.22 0.05
xx\part\801 -1 0.21 -0.21 -0.13 0.09
xx\part\802 -1 0.21 -0.04 -0.18 -0.01
xx\part\803 -1 0.25 0.27 0.05 -0.03
xx\part\804 -1 -0.08 0.05 -0.23 -0.07
xx\part\805 -1 0.09 0.17 -0.07 0.15
xx\part\806 -1 -0.11 -0.40 -0.08 0.01
xx\part\807 -1 0.24 0.20 -0.08 0.00
xx\part\808 -1 0.15 -0.41 0.11 -0.07
xx\part\809 -1 0.04 0.01 0.19 0.51
xx\part\810 -1 -0.11 -0.31 0.11 0.48
xx\part\811 -1 0.21 -0.26 0.10 0.02
xx\part\812 -1 0.10 -0.29 0.13 -0.09
xx\part\813 -1 -0.12 -0.12 0.11 0.37
xx\part\814 -1 0.11 0.15 -0.29 -0.03
xx\part\815 -1 0.18 -0.10 0.04 0.22
xx\part\816 -1 0.14 -0.14 0.14 0.47
xx\part\817 -1 -0.09 -0.06 -0.23 0.25
xx\part\818 -1 0.27 -0.13 -0.12 -0.18
xx\part\819 -1 0.17 0.20 -0.24 0.08
xx\part\820 -1 0.26 0.22 -0.06 0.16
xx\part\821 -1 0.10 0.02 -0.30 -0.12
xx\part\822 -1 0.12 0.18 -0.29 0.08
xx\part\823 -1 0.06 -0.16 0.15 0.43
xx\part\824 -1 0.09 -0.55 0.12 0.02
xx\part\825 -1 0.22 0.17 -0.15 0.21
xx\part\826 -1 -0.15 -0.31 -0.19 0.12
xx\part\827 -1 -0.09 -0.58 0.04 0.44
xx\part\828 -1 0.28 0.04 -0.11 -0.10
xx\part\829 -1 -0.12 -0.25 -0.11 0.03
xx\part\830 -1 -0.01 -0.52 0.14 0.28
xx\part\831 -1 0.27 0.06 -0.24 0.24
xx\part\832 -1 0.16 -0.20 0.10 -0.12
xx\part\833 -1 -0.05 -0.43 0.20 0.07
xx\part\834 -1 0.27 0.13 0.01 -0.06
xx\part\835 -1 0.05 0.00 -0.18 -0.19
xx\part\836 -1 0.27 0.02 0.06 -0.18
xx\part\837 -1 -0.03 -0.25 -0.06 -0.13
xx\part\838 -1 0.03 0.09 -0.20 0.19
xx\part\839 -1 0.08 -0.50 0.20 0.10
xx\part\840 -1 0.09 0.02 -0.21 -0.19
xx\part\841 -1 0.21 -0.09 0.06 -0.16
xx\part\842 -1 0.10 0.03 0.22 0.65
xx\part\843 -1 0.23 0.16 -0.03 0.22
